ID	sample-1_rpkm	sample-2_rpkm	sample-3_rpkm	sample-4_rpkm	sample-5_rpkm
Unigene0000001	5.06812231361401	4.92676397297786	2.67619799880069	3.70488633996103	5.07464126335754
Unigene0000002	4.28239218768685	3.27402240832931	4.78207013742993	2.48994622964871	7.00377946989847
Unigene0000003	4.6975202370041	4.95061380621387	3.23307397742456	4.67141060562587	2.95433780991951
Unigene0000004	3.49675028070747	3.60098382778577	2.65870256703786	3.29534654237009	3.28959230981215
Unigene0000005	4.4813556261131	4.12543038838737	4.955895585582	2.76567339496695	3.95204253286851
Unigene0000006	5.92437647308174	4.82523300735238	3.2173776351007	5.11914443628534	4.90679600866197
Unigene0000007	4.55926182552175	4.79592541001359	3.91036844279496	4.46510667118318	4.71914546984166
Unigene0000008	3.40828956688568	4.47183634658501	4.03346710175649	3.48253444265882	3.96926092753878
Unigene0000009	4.58462883816529	3.39818053272545	2.56830635086101	3.81769027058517	4.65789635163245
Unigene0000010	6.22216169086683	2.96325111730067	4.3854498556592	3.26212271023416	3.76526368578098
Unigene0000011	5.01464669457563	4.04760020518408	5.4854699875118	5.20065495037631	6.79575060765457
Unigene0000012	5.08737478185172	4.33778012820201	4.78027960942479	4.09321602298455	3.50850847360708
Unigene0000013	3.35186595746337	3.47106731300635	6.09791945001345	4.39942582576868	4.87304716143081
Unigene0000014	5.51727616838688	1.67048207651683	4.14491327850253	4.40864586628386	4.31845402196923
Unigene0000015	4.40582169693159	3.64062330317549	3.91025917747908	2.47717651053365	3.81584912678906
Unigene0000016	4.20144475556835	4.86279937960998	5.14047952649739	4.64933409414379	3.3437559617079
Unigene0000017	3.8358449500268	2.75720176043939	4.60083118317338	4.61872884212751	2.75106709609233
Unigene0000018	2.53240946238368	3.62724942441245	4.14047839938996	3.8304579879615	3.17336153965549
Unigene0000019	5.95901488554739	4.65328588801769	3.65844699412529	5.43375842504313	4.77500567192411
Unigene0000020	4.70931766568293	5.00761492341838	4.01602146676092	2.41580126397843	3.83320949636668
Unigene0000021	4.17876054446073	4.65122804395539	4.22747221087361	4.65176526761585	4.06407941133503
Unigene0000022	3.94770576691662	3.46959912997969	4.5400631779369	3.24491160772803	4.61687841376488
Unigene0000023	4.22388991525899	4.37677183898892	4.33765823641452	6.00654426072877	3.5845785039419
Unigene0000024	5.19598111496408	4.52132178590517	2.92263914074064	3.67989130109661	5.13748895961533
Unigene0000025	2.30757368504687	2.3763183316742	2.42630728992545	4.29052026875676	5.30767742004122
Unigene0000026	4.37573381386178	3.48565204838275	4.07519518249715	5.06750679318122	6.65826636577331
Unigene0000027	3.34182328242947	4.1567605164042	3.84526958778553	3.53755191008193	4.50426741291438
Unigene0000028	4.39473008460717	0.97325372737252	6.89635464746753	4.83478004164284	4.8989156753968
Unigene0000029	3.16056250360054	3.89249592288705	3.92901717074938	4.6837421010072	3.51305993381291
Unigene0000030	4.75931488398409	2.38113900307485	5.17693998899692	3.82545445866271	3.85092666579276
Unigene0000031	4.60882920428651	2.84280979048171	4.70151324331732	1.97104097554661	3.25736534141342
Unigene0000032	2.65890210536489	4.57278409036299	5.46730626090044	4.42198510561735	5.06391375815016
Unigene0000033	3.81057442705509	3.01076590318918	2.49859453791745	2.9468051069272	3.400204706021
Unigene0000034	4.03405017029696	2.83551158193892	5.55202142804523	4.28255840167714	6.63445976648049
Unigene0000035	4.03994793295981	3.56682994247643	5.1961620548615	4.91709736745474	3.05557972085996
Unigene0000036	3.18731184454754	4.42326089359963	3.26462857093926	4.48984037277537	3.39083234829859
Unigene0000037	5.99220521726585	4.87703344678869	3.12213550855852	5.76853250517646	5.42370666687478
Unigene0000038	2.24440457747313	4.2482518281673	3.15902328045543	3.40491149769425	4.20761136180244
Unigene0000039	6.30270673799865	2.50633791458004	3.26343712155028	5.33183589859398	1.81682969026496
Unigene0000040	1.64705093914478	4.02922185259211	3.71160888321921	3.96162678576983	4.19851521282349
Unigene0000041	2.50547471183174	4.47645103712024	4.15584085296044	3.86210069276894	3.06081511031418
Unigene0000042	3.84304473270229	3.69219000540152	3.12362141457272	2.67953801652295	3.7085546896047
Unigene0000043	5.42343294922106	5.04131854393015	3.45251986558696	2.36631172637133	3.9763494230445
Unigene0000044	2.97044121182566	3.62216531725451	4.34139756054255	4.4508768568667	4.68219977207792
Unigene0000045	2.39256110622214	4.37542895249339	4.03536468622117	5.25641620343933	3.42490350455841
Unigene0000046	3.38541174927333	3.98709278929188	4.25283405627667	2.83640894633358	2.25634626530193
Unigene0000047	4.26243539732946	5.32084562904014	4.43932013854385	3.8804283191568	6.58606094098732
Unigene0000048	6.1445249287857	3.92102295819404	4.1051669821781	4.34284271157185	3.07594439278213
Unigene0000049	5.24563954363103	3.76523996166645	2.99213391373991	5.33504231398629	5.2679524678069
Unigene0000050	4.64696325220043	4.24726293962109	3.97863602265121	3.52134662488691	4.95187906845195
Unigene0000051	3.71752458766928	4.2347793067034	5.7509543958111	3.7177400289323	3.09498587392276
Unigene0000052	5.81798092279129	3.40074468696606	3.8625859441948	4.20948283289203	3.79975462287465
Unigene0000053	5.2934547631205	4.82047937595367	3.51252366290916	3.97432255869532	4.67182537141524
Unigene0000054	5.29038030669712	4.59662306733327	3.96532661027856	4.21944349817577	3.85846553229716
Unigene0000055	3.68709698396554	3.47851573888812	3.03316297454171	4.39287950726224	3.70512902813364
Unigene0000056	4.85800391443561	3.46349125874551	3.50376867412256	5.3866866346431	3.8430716070303
Unigene0000057	3.36125338482684	5.57062819592555	5.52043990940328	4.63499280020249	3.63842419641992
Unigene0000058	4.23167861598684	3.69691433954042	3.03690708683681	5.68287834326149	4.46995769029712
Unigene0000059	4.45368511204785	4.77760215173535	3.88711938821794	4.57733881673138	4.18305163382667
Unigene0000060	3.81571540443393	5.19347331587506	6.23593397219613	2.36823712406117	4.15422750104209
Unigene0000061	4.63768742710571	3.37046383836435	4.07999402719342	1.81314627331728	6.07092795577669
Unigene0000062	4.94765985642064	4.53032029317732	3.31985690507587	6.36194783893719	5.0327482306108
Unigene0000063	3.0397412169262	5.13939930738969	4.05412094751686	4.01675658090689	5.61153983966225
Unigene0000064	3.72992020568137	5.63981141612088	3.5711753826348	3.40646029629132	4.5448063577019
Unigene0000065	4.24829229463987	4.26452668091626	2.52679746373422	3.33076239265265	4.20767423554059
Unigene0000066	5.09538703185541	3.41664906349347	1.81546756246936	5.57920339825754	4.38654057086418
Unigene0000067	5.32097541377631	3.40572366895307	2.02774763254668	4.26038233256698	4.94253517010737
Unigene0000068	1.77908379520519	2.69767689439205	4.25938889220428	4.43878992410704	3.45347408629541
Unigene0000069	4.59404384778905	3.19813039470459	4.8753138984425	4.66857996422448	4.38851048153601
Unigene0000070	3.96582559192329	5.19396612466824	4.27074817151268	3.39574348142379	4.44683526774906
Unigene0000071	3.98639782553393	2.93236071268091	2.83754631528525	1.77037614772907	3.76134709502499
Unigene0000072	4.60950270055003	6.74310140716613	2.55873378423015	5.22251090480098	4.25428969931513
Unigene0000073	2.31342563186879	2.62726397167107	2.68759430170342	4.8580658840325	3.67689355972848
Unigene0000074	4.46807332760319	3.91943081530227	2.29944473913574	5.11664144269201	3.82538142392285
Unigene0000075	3.71029692685617	5.13575303101493	3.66033591227108	3.98826466997017	3.7218412917851
Unigene0000076	3.02397842924555	5.40008272590367	2.57163552792625	3.40438981743636	3.49156123362662
Unigene0000077	4.36292391087486	3.25876007486766	2.85128151191642	5.49823290444177	2.95575502854998
Unigene0000078	2.522237192763	2.87786650413417	2.86567281170249	3.63828626867153	4.3380097888401
Unigene0000079	4.06685393382724	2.87902124716525	3.62457138867662	4.23774622634066	3.79967021243888
Unigene0000080	4.82548703204264	3.43378727711722	6.34680951182661	4.60237894237402	4.70995099346275
Unigene0000081	4.24870160722861	5.38662367619494	4.08588488337944	3.84444500044751	5.50259060588334
Unigene0000082	4.7768394146565	4.10297619997817	3.63452483352238	3.15042167500723	4.03510349056839
Unigene0000083	2.79830464809308	3.09482160041809	5.57461079998681	3.58897303455077	2.29920026312765
Unigene0000084	5.43543579558346	4.85492714829991	5.1785997502631	5.11246399710915	4.76889939580237
Unigene0000085	2.92524145961727	3.51088738301961	3.15683315990688	4.67719910574257	4.54889221013185
Unigene0000086	2.57034047731022	4.14113106234532	3.34924570196934	4.38829286568634	5.31570212576834
Unigene0000087	4.78776862480724	2.52949482711524	3.92165698236337	2.78564521945278	3.74485514892144
Unigene0000088	4.65281950424068	4.32747275667429	4.29008404986486	4.06186317783793	3.87565535599064
Unigene0000089	3.77093805725292	2.68213459336218	4.99071602027567	2.1876988096831	3.55922078692777
Unigene0000090	5.7163214094062	3.68919828967279	4.76346481404322	3.77475771898364	4.21953769581369
Unigene0000091	3.78152241208287	3.58714670035822	4.57556951886777	5.5479767048364	3.69873623083575
Unigene0000092	6.19729504862436	3.54595640533101	4.8492597811566	4.19803384740207	5.1240302665462
Unigene0000093	2.80034671176048	4.07942614877915	2.55414053241483	3.0186997541123	3.11093850399656
Unigene0000094	3.44415466143184	7.11245431906821	4.37231995665346	2.32751016689633	3.35513301836733
Unigene0000095	3.51112065208842	5.83179078179631	5.3323458283662	4.65190660246668	3.73847421888307
Unigene0000096	3.99170072037984	3.64733931748959	6.33692792647875	3.21252739769552	3.97582713156738
Unigene0000097	5.68320651907439	4.09058305984198	1.96664857816726	3.66904167864739	5.02840685706821
Unigene0000098	5.03985400445107	2.40179089202391	6.41708987640895	3.72189181220247	4.69957444649644
Unigene0000099	4.14719129320319	4.55862844119621	3.79997092583352	5.69351498289075	3.67815020380367
Unigene0000100	3.49158675051664	4.0936008886814	4.84191248500168	2.70125732267826	5.24141202578528
Unigene0000101	3.16950660975471	5.83294601698694	3.63353941074495	4.38719871242508	4.54975441550976
Unigene0000102	2.78432632828758	4.16084688690504	2.80723815076169	2.97675213226678	2.59123208556021
Unigene0000103	5.96758256681422	3.94684945961821	2.48080134013263	1.60403434889705	2.51680309206623
Unigene0000104	3.04686035104682	4.23581850134195	3.79776672162087	4.53698295778014	5.52682364643271
Unigene0000105	4.08797185437802	3.91925607610667	5.4482813161924	3.42505362939353	4.43969212815914
Unigene0000106	4.59360647965662	5.52221065169834	4.47218530975999	3.87508630103412	4.39168991798144
Unigene0000107	4.064121875436	3.83361076466979	3.02589029415711	2.7928265067268	4.32560226599645
Unigene0000108	3.8857601076277	3.80876082231723	2.34691097685792	1.55116072318757	5.92293610820988
Unigene0000109	4.33666418412282	5.01101547752776	3.36524422018531	3.65383401170346	3.23259850667308
Unigene0000110	5.32793675907896	3.62009954954161	3.80278362901628	4.39262639233056	3.63970243666866
Unigene0000111	3.60201786036194	5.06402393362311	3.66118162490182	3.5531411100097	5.79467335022981
Unigene0000112	3.85247188567622	2.21456757762288	3.79811121285936	4.40330468021104	4.7971110240521
Unigene0000113	3.74629213012402	3.69415306472952	4.99728819257362	4.45895406894915	3.90520489940961
Unigene0000114	4.3603809094044	3.70641138538281	4.41020561820317	4.3595793698547	3.02128018303529
Unigene0000115	3.73758304469917	5.57012933303936	2.58159536477641	3.43619908959701	4.44438472564481
Unigene0000116	2.28412262821872	4.09053092168373	4.36913264174402	6.04684990761204	2.49669447819799
Unigene0000117	2.77020107395684	2.7539167020822	4.2097467169811	5.17074797848099	4.96632284552683
Unigene0000118	3.31791133397474	5.67072289805892	2.17376985197164	5.05295932051456	3.50208299835809
Unigene0000119	3.96697982293692	5.51769719284441	5.60927931167326	5.27445530918737	4.24381711189049
Unigene0000120	2.34492176666544	3.60916469866007	4.48370778888776	1.73952705444377	6.53120060362603
Unigene0000121	2.59316906983515	0.859201990534448	4.50114387568161	3.59728621863392	3.92268698307768
Unigene0000122	4.75382084238873	3.44449753451474	2.82168144773545	4.28534615927417	3.73324731168907
Unigene0000123	2.94462412610922	2.91218918984839	5.42447305400126	3.77384826950851	3.9124138859168
Unigene0000124	2.67393399437816	4.83064479405094	3.16592536645483	5.23338311980851	2.77893074518094
Unigene0000125	3.20209996494464	4.55783482336306	2.06030661013159	4.25177306841181	4.90654789751964
Unigene0000126	4.39133098936894	4.27904110967176	3.70780126709007	3.00116164254271	3.54562333477204
Unigene0000127	4.61539281397903	3.53297831703686	4.9257820941381	3.277629338808	3.20258335508771
Unigene0000128	5.98577131579095	4.82129534359947	5.68374972320819	4.24136132006024	3.79378432838931
Unigene0000129	4.00833118222927	4.1078296405193	2.95339080825274	3.31538516665055	3.91237063952241
Unigene0000130	5.44530632376779	2.13874395441092	6.41178279906714	3.80282888561751	4.21521779063597
Unigene0000131	3.24962466373384	2.6326094325841	4.27929169273645	3.25095583165004	4.69784730254048
Unigene0000132	5.52544884281655	5.0625861910819	3.85808113043582	4.12137524602267	3.92380058112522
Unigene0000133	3.84028737663882	4.71141954677068	5.85050700577564	2.0142308857013	4.75457544669861
Unigene0000134	3.72602490578883	3.12614136640551	3.44248874820556	5.26124497543707	4.62620864465243
Unigene0000135	5.69203061125379	3.06926721344787	2.72240295316724	4.30527938797949	2.81260886316761
Unigene0000136	2.93306683819484	3.51321571471626	4.21277615550666	4.34500849788551	5.80404409062987
Unigene0000137	5.91474076172061	3.51513144785195	2.14024379935846	3.3807219618807	2.67025723878582
Unigene0000138	5.46787268315807	4.67781049973077	3.84854184761858	3.6698997953382	5.18339303183412
Unigene0000139	5.67965382774036	4.52662656687882	3.52130778760077	4.83474746864948	3.63145757679479
Unigene0000140	4.70803215900462	2.82311995894771	3.89421762242905	6.44099620640278	6.39075857565272
Unigene0000141	4.31649314029526	2.93219349358491	4.31768083892914	4.23448624256277	5.57819523152951
Unigene0000142	4.69284622612719	3.19504969794026	2.68746440731512	3.4566658991136	3.13871963501586
Unigene0000143	5.73243918777813	5.49380014179987	5.37315363447365	4.98892033594061	5.6296779836723
Unigene0000144	3.91768329400444	3.16904415658663	4.15354524682781	4.39621451266531	3.48765051299331
Unigene0000145	3.33654789381599	3.07610363714594	3.77265665010369	4.13099049738298	5.61109709983141
Unigene0000146	4.24926542708952	4.89250458557046	6.77718863827312	3.21394699331846	2.8723783376679
Unigene0000147	5.21899781305153	3.66035531853553	4.146738748545	4.95105859186151	3.33530150833505
Unigene0000148	4.28821152934937	4.17430964763577	4.20393972736846	2.90192614470768	2.08148443520748
Unigene0000149	3.22138718496776	5.15126931006872	4.35465594093682	3.45960041434346	2.53258600764151
Unigene0000150	3.67528147763587	2.99810122013274	3.11102337126794	1.8008671595624	2.28915564539607
Unigene0000151	4.13322648800038	5.1474265001146	3.89831226753459	4.79949063716837	2.57124855957869
Unigene0000152	3.87320467153775	4.11769226805439	4.88276418585928	4.87415367328721	5.95477999476507
Unigene0000153	3.88358986115899	4.37243120280835	4.30022982163368	7.15054722306445	3.67103454002402
Unigene0000154	5.07111635040973	4.50644106712677	4.58808743587598	5.40687834061844	4.45949078152489
Unigene0000155	7.02927507152195	5.397369262662	4.32722384931439	2.23694478249378	5.11633773878475
Unigene0000156	3.63229476948345	3.66868806520543	2.63616255614802	4.22048183292129	3.28281085174321
Unigene0000157	4.70376393684825	3.06758193320971	4.69686873750254	3.61233700350388	3.66252969574893
Unigene0000158	4.01061392719137	2.31627524664344	3.32884999125794	3.78939403885164	4.23248671247775
Unigene0000159	2.96660618249545	4.53583380188773	5.29236539596572	2.44319240193599	3.42011491326836
Unigene0000160	4.35731467979265	3.97975698009506	4.11634127866759	3.54979346276323	3.97216868885677
Unigene0000161	2.73654453722458	2.6637491579414	4.97668633990645	4.50339516604102	4.8989703297799
Unigene0000162	3.51822923407477	4.47374279784503	4.44457347689646	3.07767772131457	5.04694204874816
Unigene0000163	4.79374394682206	3.02305623884017	3.61830000200718	5.22406209037472	3.46125665286259
Unigene0000164	4.9927242922017	6.11196303856693	4.31249519450245	3.61378779054828	6.64918691489815
Unigene0000165	3.05633086830602	4.12666062387967	4.22921096006829	3.39978045839331	4.18702413239814
Unigene0000166	4.63642193733691	4.43844663190948	5.00768610127817	3.39734310044436	2.27514406061901
Unigene0000167	5.00708844337045	4.74213141661672	5.56696264545709	3.17403580166424	3.61122831247228
Unigene0000168	3.20289452203816	2.5798885265262	4.58268171404986	4.06286931367412	3.40205481087066
Unigene0000169	3.55775816173455	3.70847769476644	2.64872746245029	2.46122525956399	4.55325464313836
Unigene0000170	4.78426639552526	3.76901074737253	4.62317359491155	2.9973928387225	5.46308870854333
Unigene0000171	3.02594885608872	2.76626105174075	2.65678980655879	4.53779765324793	3.78032490762639
Unigene0000172	3.65656465933818	4.59754544175346	4.15570902377665	2.20790989256187	3.86252005658222
Unigene0000173	3.40613659650921	3.77989686892871	2.78141869855816	2.77649504894547	3.55426609021465
Unigene0000174	5.28568589608568	3.58982899043925	3.10118456519949	4.30661685734453	4.40652749486318
Unigene0000175	2.34849770480806	3.57731121372217	5.19215948646663	6.03993464648361	3.0247847677908
Unigene0000176	3.22100589014616	6.59624171846978	3.73841707396901	5.51052588585439	5.74576866220089
Unigene0000177	0.235538222571469	3.69642910472044	5.47684408851692	5.88248099751902	3.58767342699933
Unigene0000178	3.09603213123264	5.44986298400969	6.33997782838619	3.23151229775552	5.63162067995828
Unigene0000179	2.72487585418108	3.49599330758084	5.86574621149347	4.21032848177264	3.67306504861915
Unigene0000180	1.78686292622438	3.69920919227919	5.36713137769506	4.53819859557975	5.11806513357706
Unigene0000181	4.6359199107113	2.05012371041127	3.34218658201507	3.37404622599879	4.08557852566348
Unigene0000182	2.89525760559628	2.54908149876116	4.35900090976284	3.84241854427019	3.8170989501306
Unigene0000183	3.19909422221264	2.71005214896091	4.91561012763549	4.18793927889638	4.67011425473132
Unigene0000184	1.90123574696885	5.38917480392475	3.37027903975946	4.62835939561171	4.44741413239393
Unigene0000185	6.03182212977776	2.50571663916294	3.24180126372404	4.87215666438223	4.48253453896303
Unigene0000186	4.50361016072871	3.64363335369174	1.84928167001533	1.19939789661555	2.26472735381102
Unigene0000187	3.09327290417276	3.39154294841096	4.35922018832819	4.5545215342552	5.32768115763256
Unigene0000188	5.24277479997602	3.50551189922558	3.46729997243349	3.90373033060612	4.19894513725739
Unigene0000189	6.47609867718542	4.25371547585701	3.59976743490311	3.05021150992225	3.30895240339104
Unigene0000190	3.89389085254046	3.66290654147953	4.9239240981523	4.6110579581294	5.34124586198988
Unigene0000191	5.66222114340857	3.91331737329631	3.01904086530251	4.88527366906626	3.25569079630213
Unigene0000192	4.52330495250811	4.05424856266586	5.41200994762612	4.21615815820121	2.60289626492959
Unigene0000193	4.74879818478002	2.91351488445188	2.62111509378452	3.57302672376817	3.0036917737974
Unigene0000194	4.15247408139173	2.95359336438517	3.31956481838457	3.66972074091731	5.20133914221346
Unigene0000195	4.02444818246461	3.40688779965346	4.58933903981105	4.5831773787361	5.75664850484068
Unigene0000196	3.07510014821173	2.97570450042405	3.16936466905706	4.46454953627155	2.95985066818908
Unigene0000197	3.09111978697625	3.54112728326436	4.58411221624576	3.79330058722129	4.55967099110014
Unigene0000198	4.2330169658942	3.51490734895927	4.71741162128161	3.07570286920761	4.23490102014998
Unigene0000199	4.21782426265056	5.2253652472609	4.71714148360096	4.31131948425585	5.35453877723059
Unigene0000200	5.7689661224999	1.95342002308625	2.34221553198287	3.10458502316906	5.0114608824685
Unigene0000201	2.89647875189069	3.59731595016367	2.87753242864321	4.85899575850221	4.73392129354706
Unigene0000202	4.55294207423094	5.10786333579125	5.02190934483103	2.53824873161013	5.14243675756003
Unigene0000203	4.25178307902762	5.63456063236647	3.55616356748119	3.16050152434411	2.49444727456828
Unigene0000204	5.07861637845805	2.14238478893453	3.46758315881451	2.33012128811135	3.20660830384726
Unigene0000205	4.97870243607557	3.23333664872409	3.58875422796632	5.12668526744457	4.07417845358584
Unigene0000206	3.99651461203241	3.27647150707971	3.11144109945822	3.36641023981992	4.15251653626021
Unigene0000207	4.02553128510049	4.62702882357189	1.80665425419253	4.20136786192361	4.12968353633818
Unigene0000208	3.96447717127664	5.00902980007289	3.58334908827931	2.77327753520865	5.65029643492509
Unigene0000209	4.72249746428169	3.81529081406992	4.97625406960985	4.74479373234971	4.57540722067395
Unigene0000210	4.33736255440943	3.30080937299856	4.64509869505438	3.45339286885982	3.70534161093415
Unigene0000211	4.66465636902313	4.23789785284966	4.78204852835725	4.39751030898772	4.43428790700635
Unigene0000212	2.35964139047813	6.61886751045206	5.53391088761076	2.62558708205973	4.4318185806334
Unigene0000213	4.48428423336264	3.91833924241064	4.80891919674401	4.11222174618981	4.57533796061131
Unigene0000214	3.96638606822891	3.66520278762114	4.85459754379148	2.24991641395582	3.92849374762684
Unigene0000215	1.4506400558169	3.22306525126855	3.46642191704371	4.24673346176194	5.25932893148027
Unigene0000216	4.84358972168475	3.65167518658902	4.5451244451791	5.38942785320755	4.87483156832276
Unigene0000217	4.37173525560041	5.44373329204954	1.8364091439599	4.27432878098004	4.52966148386376
Unigene0000218	4.51060248418446	4.3115053595755	4.46324123563436	5.88455147927581	1.53515450683783
Unigene0000219	5.27310801186135	3.58564884064187	3.00586046803813	3.97792999832252	5.33532689842179
Unigene0000220	3.86632184663729	3.1677300080024	3.50229868469975	4.09540101239157	5.55010931951009
Unigene0000221	4.20254263955125	4.75761611366635	4.52462388134096	5.41366912597341	4.00220150263134
Unigene0000222	2.4641813531759	4.94344787547571	6.06580997608796	3.38348822510041	3.65839899122509
Unigene0000223	6.44936028507346	4.48612422054257	4.53866750173195	4.72911140580508	2.77537628468308
Unigene0000224	4.64567928042341	4.01922925302066	3.2854695903254	5.49751488615603	5.39435695391299
Unigene0000225	4.04982597840642	4.12721156152386	2.99849802423704	4.65592541370681	1.66147146049395
Unigene0000226	4.52198431890703	3.31277133134332	6.24746851808271	2.94400577934061	4.00728517440617
Unigene0000227	4.89193083221457	3.60185176025483	2.25859224857823	3.94161676941821	4.38013354515721
Unigene0000228	4.19278057639155	3.58551529380636	4.84180634057043	3.6323542781865	3.90535403066674
Unigene0000229	4.06344955366451	3.54342315516829	3.09443411035957	3.97240109525519	2.96862336960783
Unigene0000230	4.50339989296714	3.91673906260823	3.94122036107021	3.77574547964141	2.64090602789277
Unigene0000231	4.86543243894402	4.59519132976155	4.96909309912574	3.0540852801253	4.3004347046319
Unigene0000232	3.96511752815867	3.31712217051729	5.12451534928572	1.4368339060269	5.25420828195153
Unigene0000233	4.24660336046489	3.94404415894316	2.45688623539596	3.68123150180921	3.70163754979291
Unigene0000234	3.62508088724594	3.53835017406174	4.5008640981858	2.23872307307599	5.1422194619448
Unigene0000235	3.67278614213747	2.42457160081672	3.51288007844792	2.49663806352049	2.55253231726434
Unigene0000236	3.69930243593711	4.93489643355976	4.85350157690487	3.98290393644786	5.27070572701181
Unigene0000237	4.59511656725334	4.78028636441338	5.02087291983615	4.03076357223249	2.83161716415881
Unigene0000238	5.16119201313368	5.55868862234363	2.96338064909166	3.49166790964738	3.19116872229722
Unigene0000239	4.10186551321743	4.3896529745861	3.50511549586459	6.47188432164249	3.61918539063072
Unigene0000240	5.74053920799447	5.26409520302007	3.77931556885489	3.78908573522989	2.78290074642651
Unigene0000241	3.7509246864234	4.24454622770364	4.26193289217453	3.99709534286295	3.62547698534555
Unigene0000242	4.41692181478671	4.12895738102203	4.6215631722888	3.83898279185518	4.19274986082377
Unigene0000243	3.47716277866865	3.11478860187498	3.2237110798596	4.53225521961558	3.77727127041101
Unigene0000244	4.574666375611	3.20447302802384	1.45316917650969	3.3947440023648	4.98202077414189
Unigene0000245	1.86245717105164	4.57424260274589	4.50356114126239	3.711009027094	3.0257914482521
Unigene0000246	3.6656900808167	4.61886020575757	4.21695853088898	3.87536421163863	4.20121584876555
Unigene0000247	4.07279872841447	4.6481946417861	5.1783390340375	3.61022593401002	3.98379816712676
Unigene0000248	5.44905534857132	2.21235643228089	4.58877715252323	3.8592653507779	4.71955718297314
Unigene0000249	3.69728110795965	2.79725065976367	3.33932196135018	4.1257465574839	2.14116164584151
Unigene0000250	3.1514184868719	3.54961463729786	3.12167201182856	4.10023231946406	2.4178524090109
Unigene0000251	4.4028460708817	3.28372981035304	4.15090370967342	5.95868470208394	2.18438497289676
Unigene0000252	3.74130557024008	2.24099687803405	3.80551031494674	2.07412599724154	2.48980381277463
Unigene0000253	3.83047686346246	2.54847281889885	2.50251575981783	5.11539622652208	3.25372911426116
Unigene0000254	3.29854488143819	4.18668841521129	4.85410618170418	2.80453129200575	4.93496430905881
Unigene0000255	4.40576665426743	5.05573515059783	2.39113953666635	4.34429718837205	3.93639595584961
Unigene0000256	4.39118319721102	5.36649527823061	4.24618092789232	4.02445054540749	3.46791127828004
Unigene0000257	4.62962906605375	2.11148611124903	2.81703145044022	4.26718176093385	3.64541801194657
Unigene0000258	2.64160386126024	2.11800627545973	4.38441531027219	5.59787882308141	3.55599063840535
Unigene0000259	4.65639606997028	4.5253713366237	3.75312865248977	2.86879054778058	5.09259749218275
Unigene0000260	3.5719201239253	4.62246466609725	4.69801288659289	3.43922723545948	2.99992651586754
Unigene0000261	3.40824426152183	3.08840816621018	3.49022364232075	2.87154936295892	4.61006790610118
Unigene0000262	4.55569960614012	4.22395557683635	4.6071584610175	5.24972183872109	4.03262084502588
Unigene0000263	5.09914418935891	3.06325892910821	2.51726117310954	3.80677936255168	5.32867617751458
Unigene0000264	3.2774299622662	3.8722981656854	6.25965239514115	3.9842218560666	4.79490934885826
Unigene0000265	4.30797070188537	1.88396582427927	4.92103736606537	3.04858517131363	4.27985731474651
Unigene0000266	4.48401816050389	2.59475344971493	4.36841387379368	6.43241047778889	5.7316980051798
Unigene0000267	7.1179227244163	4.42566934211211	4.38299745411242	5.51219681868231	1.51354265314927
Unigene0000268	5.43483968596295	5.88773595736747	3.42542237404923	4.82597154152007	4.23049738014884
Unigene0000269	3.43280525291202	3.11340290496985	1.95099108847886	4.26548465635827	5.18779996852042
Unigene0000270	3.94503689595706	2.93934531209238	2.65440012901597	3.4177208439335	3.19992130587106
Unigene0000271	2.79867530853332	4.43662467795105	4.83083995402649	1.69557314387879	2.1814949839408
Unigene0000272	3.95903225043496	3.19313845938998	3.82191087357003	6.84872758476835	2.042894957475
Unigene0000273	2.87016254886613	7.49192647579356	4.86904080603202	3.55084920368284	3.10454890543107
Unigene0000274	4.28254751159755	3.95319317608485	2.34508100975965	3.35948132221977	3.35107915077823
Unigene0000275	3.29632658042553	3.5575575005254	3.895097371317	3.37156140789112	3.58501364585882
Unigene0000276	5.95817839529772	4.11908928602797	4.99155545026957	4.62707712274597	3.78773598354912
Unigene0000277	3.52690928227955	5.93971336903462	4.86965875145905	4.87989099833323	2.98823910829475
Unigene0000278	4.43583162594584	5.5289576902778	4.07181031024431	3.31814688073466	2.48929875865503
Unigene0000279	4.07652387620885	5.14893322636701	4.59662740224852	3.70066268888915	5.07351776158894
Unigene0000280	1.53179658130642	4.19831126287756	4.91050104422086	4.50238113194867	4.40679325221524
Unigene0000281	3.18998858556921	3.70416583279903	2.33025977007856	3.48110570497135	2.50796178442638
Unigene0000282	4.28612229739477	3.94737709393735	3.28330473851821	2.2156881143426	4.00397501537193
Unigene0000283	4.9999661999324	2.55758437360756	6.1320469621503	2.72166683110274	3.71524916364708
Unigene0000284	2.42111191032259	5.40305511609411	4.15032265508837	4.22476629332663	3.26078776616194
Unigene0000285	4.47033557682203	4.96881425421408	5.51744219071744	2.90298187841828	5.01797248766578
Unigene0000286	3.83510891300065	4.52818770376136	5.16008656943336	4.41021240987259	3.58338780347308
Unigene0000287	5.57601439259288	3.06309091403612	4.87417873751402	4.85508465403533	4.43712522853671
Unigene0000288	4.33256073009447	3.57609156047585	4.46912641692505	3.0808434082426	4.28644365168507
Unigene0000289	3.75118905827938	2.84935681244549	4.00350768842371	2.07799801907424	3.02846176537801
Unigene0000290	4.58455266539255	4.1274252765253	4.26542943710879	3.15298021452419	3.53737948043921
Unigene0000291	2.78189308742844	3.02103817255992	4.4720922272863	2.91786703197873	4.66732373071157
Unigene0000292	3.80449886759312	2.7492504659954	4.1384330622006	3.4331085187195	2.62446193954763
Unigene0000293	5.45019866538172	2.9798439445372	4.62560436978253	2.66112971511195	5.09919100070309
Unigene0000294	3.97516052430451	2.67576244908953	3.47199108824854	3.6960335904384	3.9689670341491
Unigene0000295	3.64852079709239	5.15025593347759	4.50299416252634	3.28393847646433	4.57034233608124
Unigene0000296	1.84294206233183	5.16369057984268	5.12592510752719	3.857057449772	4.41606260769269
Unigene0000297	5.32087239898771	2.23943968444343	6.09985186926111	5.93863126740505	3.66611307813406
Unigene0000298	3.52755413905586	2.64112089594049	5.32588367707637	3.59787767337089	3.56699146495954
Unigene0000299	3.52653037504976	4.79461282397938	5.01532389065316	3.15843107781612	4.97127274620554
Unigene0000300	3.86451545963912	4.07385127286278	4.29844369641194	3.80810577306605	3.57236692099331
Unigene0000301	4.02719464066706	3.81491858404815	4.07265978462671	5.16600553987742	4.45004784152091
Unigene0000302	5.86060992133634	6.49617352267683	4.84642861983775	4.84787917659616	4.30676017110482
Unigene0000303	4.76783050698386	1.9207385299261	1.33932192627499	4.24320550830441	4.11761008426406
Unigene0000304	3.84801133770639	3.14023961100702	4.88658339118141	3.04030451053553	2.77080196649457
Unigene0000305	3.71152721316974	3.73710758787618	2.37399302639495	3.69044007547124	2.49674336476783
Unigene0000306	2.68469124074956	5.19968453757093	3.72712438907924	3.01784564252932	3.21570290938863
Unigene0000307	4.99718556832273	3.41464910461211	2.85982153199792	3.35167368466635	2.68540175536729
Unigene0000308	2.93197816434511	5.67358180447495	1.87312843744995	4.1494035234489	3.80697302066071
Unigene0000309	2.34202534475691	3.13892150085244	3.43793499756613	3.74754853533189	2.69182341762986
Unigene0000310	4.2028128462825	4.26352332489801	3.65608279800808	2.7122584319013	3.95472301329107
Unigene0000311	5.36672100145682	2.22074462970961	4.43986380096339	1.60079558098139	4.39108969415113
Unigene0000312	4.45218954761905	2.23853937282418	3.57198451810754	2.38140997392292	3.03302321964318
Unigene0000313	3.90107454008771	4.64905768491599	4.9796536534844	4.18122074904831	3.36596750781284
Unigene0000314	4.01244071354795	3.73000430752409	4.90642003359845	3.37807278492107	2.88544715702082
Unigene0000315	3.59118425174905	4.47339552275794	2.8585864391346	4.97991356308604	3.35824217615303
Unigene0000316	5.42916560766485	4.93597978721172	4.22125430930483	3.72053120059321	2.817588687178
Unigene0000317	5.73830763714588	4.17903104796791	3.30616779679769	4.43686427910009	5.45260376088208
Unigene0000318	3.14793367857461	5.07487984101623	3.20047703573756	5.35747450904594	3.4668436792649
Unigene0000319	4.40013111375214	4.3541219336993	4.68432603434853	2.97163577629945	2.9373270471791
Unigene0000320	5.46919770987107	4.10939386512751	3.38156447699915	4.3445830701597	5.08006254951021
Unigene0000321	2.85090531612918	3.24141367481812	6.29454363392295	2.30522702745407	2.58772687932687
Unigene0000322	3.08469250545771	4.47161619430333	5.18774286689601	3.89044733523538	4.05907498087993
Unigene0000323	3.70930180849682	3.03365892370588	4.20846145616717	2.29671885544642	6.10027057627108
Unigene0000324	3.60991141243504	3.55159340843691	4.83040457233995	3.91608068135011	3.64947295279608
Unigene0000325	4.85325511280074	4.44690500235068	4.46934921786181	1.95938028563644	2.81233444960763
Unigene0000326	4.33937044391378	3.33321357481304	4.31183127641201	4.15199937179486	4.52139571801726
Unigene0000327	3.56862823967009	5.43515659251105	2.97714041778718	2.97150309267101	3.9792454019616
Unigene0000328	5.82707617881911	2.86511017794348	4.28973023605659	4.43348239532422	2.51515792851094
Unigene0000329	4.01957465746741	4.38210810439273	5.14354606959007	2.69742134380696	4.80353404029044
Unigene0000330	4.04473032620855	3.27448805795906	4.52838638676345	5.85643065632388	4.6741422600622
Unigene0000331	3.97908056584297	4.21181451587429	3.938048198539	4.21917496814715	5.81968455458853
Unigene0000332	6.2082940939554	3.27436313671015	5.48048027586605	4.3588710640458	4.60486805697599
Unigene0000333	3.18490891412315	5.92662568480789	4.78988729130177	3.69177858829574	3.46206945151781
Unigene0000334	3.59041085288114	4.21321751510833	4.88251017931379	3.92825138933767	4.72137048095719
Unigene0000335	2.22913472327236	3.30867772762704	4.23479602004761	4.05825663231359	3.78883491892006
Unigene0000336	1.79722735546371	5.08403682604562	4.12328864910253	2.43510552757769	5.70514008196349
Unigene0000337	3.80918159702846	4.6985275915311	3.65075280913127	2.99301051329316	5.33456756100678
Unigene0000338	4.54888162234681	4.68028318286895	4.01926501891213	5.2551520986676	6.08612740351177
Unigene0000339	3.61702132236262	4.39731190953267	5.79869989309224	4.60912004741371	4.18699839769053
Unigene0000340	1.87796747644818	4.62809266242147	6.22423369820291	3.45627926392974	4.05293021398126
Unigene0000341	4.15656568906579	2.59229647449464	4.43617038412339	4.07288904114361	6.87601667291385
Unigene0000342	4.95847376913385	4.97670832349773	2.74115359624397	4.33892366291273	3.76876948678086
Unigene0000343	3.71892274662504	3.17265675404563	4.04865611424171	4.00165532479359	4.13458692253444
Unigene0000344	2.13289089759723	4.50916681074679	5.73292861326531	3.19738269230734	4.89080948930518
Unigene0000345	4.19158597411178	2.91566615363089	2.98084908278517	5.22631854869483	4.27733348651587
Unigene0000346	3.48993015287219	3.24416555949282	3.49793023694575	2.96824299637798	2.86732512726634
Unigene0000347	3.05173530190114	3.30878118503917	4.82343735701022	3.91373346552421	4.17697575308509
Unigene0000348	4.25982494932962	3.34904209589938	4.03979652444304	3.19933338613191	2.74189223264697
Unigene0000349	5.22052489515773	3.22580793408657	4.82020205263544	3.26579929503928	4.3815271591415
Unigene0000350	3.05806336738117	3.66997958926453	3.85957539239141	2.455593181252	4.38649421979833
Unigene0000351	2.72456083665991	3.68758226485884	4.17821350184085	4.65607977029527	4.34607635559087
Unigene0000352	4.85604359389501	4.13841538965608	5.73162118790634	3.62003566794801	4.59832151658243
Unigene0000353	6.57454299146826	4.33608642529962	3.55738247380784	5.05248332961753	2.20998729535469
Unigene0000354	2.72588386588024	5.84916047591583	4.08523902920878	4.53804857419462	4.36651861742093
Unigene0000355	5.75117336505848	4.1898501500696	4.85294197504096	3.92174645536185	5.47842354780959
Unigene0000356	3.51693004195254	2.43515956091051	3.9954883107185	4.45611287902154	6.10203257351419
Unigene0000357	4.43348837977365	2.36284064761587	3.23094336157931	3.67599182149554	4.8081221865046
Unigene0000358	4.01753048097841	2.95256354501457	3.11749993734611	5.21422600707136	3.82733403870768
Unigene0000359	4.81520865290574	2.14676029237086	6.96357089882784	4.17279244521638	2.6192372383685
Unigene0000360	5.77815779217886	3.46194867625184	4.34331029386785	4.47164040616649	3.28656865926763
Unigene0000361	5.53854395522285	4.16561585627727	4.77137268163631	3.51527233781702	4.85850324038368
Unigene0000362	3.96595283069367	5.65342811567687	3.95217696331609	4.71926503362616	5.25208338295445
Unigene0000363	4.8604601651919	4.44474319219016	3.16630933901927	4.18257029343291	1.91064633840547
Unigene0000364	4.28751098096169	5.38808070733191	3.80231023438152	3.94970595606007	4.99541069070626
Unigene0000365	4.24550368244585	4.83247691699586	4.1277955483194	3.72471682736987	3.65388031324374
Unigene0000366	5.39756048865651	4.69899590512482	3.30642214022078	3.58106998150385	3.45273283907687
Unigene0000367	3.67854736231766	3.68942976677083	3.36102531384948	4.63498230728014	4.74462145412779
Unigene0000368	3.50071417013256	5.23707579767968	3.55544485425739	2.40038105260282	3.29033511512943
Unigene0000369	4.73711550629885	4.78490703289339	3.73340107044902	4.20168455773355	5.94011932677275
Unigene0000370	3.16583467982468	3.82145322433701	3.89115941219096	4.6803552163369	2.96307188898856
Unigene0000371	3.52704809456945	3.22311950691353	4.63530569356936	3.73877273620105	3.42843687658184
Unigene0000372	5.24930524506792	3.53929524388457	3.0657434890324	4.80364004586185	3.63894957003708
Unigene0000373	3.32046713215195	5.23085338146868	5.93084183964868	3.55674478680159	3.93632780811286
Unigene0000374	4.10943133998809	2.39656800177176	5.21321505959807	4.91024731658197	3.72164596739489
Unigene0000375	2.0566284337999	3.48336624146439	3.38659470815419	5.28900412020855	3.65988896966196
Unigene0000376	3.43345759501931	2.62102642395909	2.58130673839519	3.59561123190023	4.7770447584054
Unigene0000377	3.77205098043091	3.77592502196137	3.91924214397368	2.49209010500003	4.54733583649509
Unigene0000378	5.15188695194962	1.27666419234767	5.19462820067237	5.71932480828277	4.69080003172358
Unigene0000379	4.50306825728617	3.30882422974282	4.00650811140943	4.90219557321219	3.66524177378987
Unigene0000380	4.83851005059552	2.70888537650136	2.53624909064032	3.03055390943794	3.5242013293639
Unigene0000381	4.15568536495431	3.00765739278839	4.82376826288506	5.10116692432032	3.82366572241519
Unigene0000382	4.8985295979491	3.75566811611764	4.5835130284313	4.74176031346881	4.31922124343014
Unigene0000383	5.26526046269834	4.14089252191263	4.56541063101378	3.95553234037919	3.05750342870143
Unigene0000384	4.08197777414775	5.16004906002081	2.06074812753642	5.27159249705572	3.02110784734897
Unigene0000385	6.09153038895727	4.79495410074145	5.36986994776692	4.96151302260067	2.60101789324181
Unigene0000386	2.69769500167094	2.78561842550153	4.25225738195805	4.1885396637284	4.31223875706688
Unigene0000387	3.70484735439702	2.46931021073629	2.88167722347308	3.0831387022577	4.17143640624336
Unigene0000388	3.96043888934046	3.9985198703701	4.42510635764469	5.35237930574437	2.50033413028632
Unigene0000389	2.78416566204982	5.11573669240905	3.39070999454491	4.20745193725662	5.54572892261648
Unigene0000390	4.30887597225883	3.68784248507099	4.80973220995182	5.33127294050392	5.08323391936999
Unigene0000391	3.95212451535915	3.744469609643	5.42768328327872	3.29718417178137	4.27819175222001
Unigene0000392	1.29740540030836	1.91788428768855	5.9183584938361	3.44877140777373	4.63236091954217
Unigene0000393	5.15640793111226	3.57237320024956	4.56364828803258	3.40472837623686	4.23520731969063
Unigene0000394	4.95330107115213	3.67395087714852	3.86583917973204	3.12006627872977	3.46536160733308
Unigene0000395	4.51787873031393	3.55089501785269	5.05502686384476	5.19195246054161	4.53641455253346
Unigene0000396	4.00465900318083	5.61319603309171	5.47621834912259	4.79862618857018	2.50460966671968
Unigene0000397	5.10782288605212	3.22024634357763	4.98032704914311	4.57628135462015	3.22581871841037
Unigene0000398	3.85732148373977	2.95927680837548	5.5728505294531	3.43027745723954	2.38354820378873
Unigene0000399	3.68745270878277	4.7647608488779	6.68288872199469	4.88997382705571	3.76649966875587
Unigene0000400	2.27478193769342	3.48798434481712	5.16676984847718	3.39603207246416	4.44996107829691
Unigene0000401	2.09216837000944	5.58817365892078	3.86852353338217	2.24132150673625	4.293445290752
Unigene0000402	2.56968554866742	2.22963980325641	3.19447086489121	4.01283988516638	2.98848754128418
Unigene0000403	5.77470761135748	3.43414495723061	5.7706839704849	5.12032133937304	3.94660406158009
Unigene0000404	5.15732271200181	2.72750645084291	3.23138912797414	4.48312747180577	3.27579230607823
Unigene0000405	4.63187450587702	4.00033659077963	4.45134355494383	3.37275831768013	4.49657331874508
Unigene0000406	3.34685853594968	3.70104141012711	2.67916110539442	1.73457688931448	5.48751416514638
Unigene0000407	4.54305129007854	3.34951235897843	6.33891827914669	3.27573069326569	3.52188965698079
Unigene0000408	6.69358863737351	4.43682717333464	4.6346985300943	3.01123360233464	4.36719807263254
Unigene0000409	4.11550058107919	4.6699760681811	3.27032369583653	4.66416823326547	4.90750113655904
Unigene0000410	4.25152837728569	4.30454271690108	3.19503461596086	6.34475192856569	3.16604901439689
Unigene0000411	4.14141317253648	4.36801569467931	3.47354693251481	4.73756699718496	3.74776230427236
Unigene0000412	2.97829033700833	4.67859948818041	3.89538915948895	5.26061748868845	4.89121561031579
Unigene0000413	3.76701958443819	3.21859517887661	2.47392165538296	4.97235270917039	2.55519421439381
Unigene0000414	2.80093452405708	3.96181223519906	3.53793092328353	3.10440175681302	4.50465451144633
Unigene0000415	3.42580596655368	4.51708185803929	4.43708835987119	5.05386356592579	2.21591847438558
Unigene0000416	4.48500303141741	4.98452248365118	2.39294307975392	2.67851202885541	3.74956371496776
Unigene0000417	2.99061085151144	4.47145271920165	4.39044602079303	5.86495503519518	2.73965366808822
Unigene0000418	5.15828630803327	4.48495494153354	0.698789184839673	2.51683407377315	4.53425387799231
Unigene0000419	2.89417410507612	4.48924956021286	3.99021671527146	4.14643512976102	4.71452973343671
Unigene0000420	3.21867067649938	3.94899456137491	4.25602514432815	3.25075691874325	5.88626013852131
Unigene0000421	4.48717630527089	4.34784206053792	4.17816119659825	3.30590737936305	3.0994916377563
Unigene0000422	2.3997645796991	3.69608377533149	4.47236017532131	4.16697682374497	4.44175229285267
Unigene0000423	4.57631594583713	3.14355062004647	4.72082963762608	3.53842985255899	3.90917765817096
Unigene0000424	4.53891675665542	3.42653244135321	5.55283510726375	3.82173126345139	4.38582469083065
Unigene0000425	4.1196111529581	2.73132325965961	5.06441443922983	4.89103446027266	4.72106248013984
Unigene0000426	1.37088529141014	4.83076112217233	2.91085169223484	2.91542691640087	3.69752142521304
Unigene0000427	2.91085442038916	4.61889332196342	4.09545035247506	3.86108135140735	4.31905240221183
Unigene0000428	4.1007009907517	3.93828921420008	5.28689728904048	3.63354930728636	5.59804890210195
Unigene0000429	4.98382348950885	3.68337961358185	4.35191861957017	2.20574030674204	2.72226511727909
Unigene0000430	3.68377782294624	5.0021681957427	4.44314665909945	3.52698791441694	4.87151751563159
Unigene0000431	3.70948103469012	3.36497030035187	5.35691023030459	4.90235305262494	5.10436574960845
Unigene0000432	4.46662070166808	5.67909817417748	5.37996094706565	4.31052886428084	5.05602650648386
Unigene0000433	5.19197426411698	2.32854155423893	3.7998125487914	3.20817775161988	2.9256291771597
Unigene0000434	4.31502039565524	4.25955789965377	4.6836443326523	4.51938418777355	4.8742618711255
Unigene0000435	4.1506357039674	5.63462288127968	4.25557252723173	3.54337456796605	4.22834498031367
Unigene0000436	3.78440045094591	5.27442285491472	3.60808243906783	2.76593502890881	4.21772758038737
Unigene0000437	4.11679063174137	5.07085418836552	5.10439163682049	4.00902254686358	3.68060211007018
Unigene0000438	3.0426553486348	4.67417470607781	5.24351476579726	4.81639796483347	3.76191768499812
Unigene0000439	4.74184831142305	3.00920104820114	2.97259616479966	2.30893343410591	5.04980878441431
Unigene0000440	3.05391220656581	4.4602917694984	3.28059115821812	3.5303888942921	3.75339132057273
Unigene0000441	5.1358982045081	3.47631764912697	3.942137598815	1.75410516189102	3.50628041199873
Unigene0000442	3.79001906506117	3.0235837971787	3.1644833115445	4.09200328491092	3.57185867411599
Unigene0000443	5.47662691948008	5.15000542855779	4.22059978525017	4.16440369498664	4.1812540992399
Unigene0000444	3.07995577473839	5.02303696636824	5.05078261846914	2.2881515338102	4.04750759662258
Unigene0000445	4.15646313419079	4.26069288796226	2.62480513425823	4.70319290758076	4.22015511176958
Unigene0000446	3.05013101053333	6.37346923394988	4.35989520625039	4.62335001571751	3.16051420505046
Unigene0000447	5.36599889476498	4.41627040749405	5.14181699235062	4.68087321613214	3.90265345778134
Unigene0000448	5.46229294895561	3.16928395875623	5.19150658675727	4.54793884902094	4.76882427606189
Unigene0000449	4.52003627950216	3.17008355727654	3.02589312927476	5.27173332725136	3.05213727266541
Unigene0000450	3.97392405853488	3.00963103193091	3.37524388622419	3.11979354882556	4.22076927432435
Unigene0000451	3.26795729325002	3.44876269332505	3.60935456902302	3.54935365795246	3.39291737354991
Unigene0000452	5.11125093951311	3.96215438209628	4.14322622859072	2.82554200696968	3.81480634005928
Unigene0000453	3.51855593044777	3.91919843053326	4.79990738813033	3.00037903858007	4.58381913596729
Unigene0000454	4.02608561858036	4.21773371184979	5.16934760253235	1.83629983556106	4.101960069867
Unigene0000455	5.07397118063317	5.62069197335783	3.9714597828331	4.01980943911387	4.71275143480684
Unigene0000456	3.53792536968391	3.98006132514916	5.76707046298408	3.89494713266079	4.25358581166716
Unigene0000457	2.72747861863747	2.47755930448022	4.37642259281635	2.8059050725771	4.20411682397209
Unigene0000458	4.33085081080361	3.42141211172141	3.58040288103954	3.54635462708434	4.67744308373218
Unigene0000459	3.63977674887099	3.7578497114621	5.50450626587774	2.65411533557707	3.63318272532734
Unigene0000460	1.81754260453438	2.26179872585321	5.18296200453536	3.08470971937817	3.60312698130523
Unigene0000461	4.04518696249504	3.82116864085728	3.21515239602436	2.95015674968601	4.80345237404864
Unigene0000462	3.58873339265507	2.91078674479545	6.1925078111934	4.29186099829296	3.90020059009878
Unigene0000463	2.57085407452886	4.56145637696735	4.43563564924608	3.59854312396008	4.59727673093741
Unigene0000464	3.75527514401713	5.38255651520088	3.8276933656466	4.29825347793346	4.49138304585938
Unigene0000465	4.26115183547846	2.61836603479173	4.12369240784475	4.76794664378827	3.82667703004003
Unigene0000466	4.43595592451853	4.07353789217114	4.43833870052195	4.21036474187692	3.2509035948301
Unigene0000467	2.52581834883468	4.65887972904502	4.96878476992295	3.43225180057384	3.90331562616475
Unigene0000468	4.20660409572363	4.78772567316143	3.25307412572442	3.38714825591654	4.66633219239795
Unigene0000469	6.45256233998126	4.05716941834673	2.75450783049539	3.2188717644998	3.5404559819276
Unigene0000470	4.06916592077041	5.34992397508174	3.71618319246846	4.08165956893279	2.63289635799947
Unigene0000471	3.37195063330589	4.83210969905742	4.16460997981324	3.89593978486623	1.98270479727106
Unigene0000472	3.89369016626055	4.08958977877766	3.76220190625167	4.00638086678275	2.69076945824773
Unigene0000473	2.75944028537716	3.88646850367242	6.23375296936824	5.33732790316998	3.03436016043551
Unigene0000474	2.86422141009394	6.91062050192324	4.34162873694224	3.61460854423713	4.45836236136727
Unigene0000475	2.80301268438675	3.35967525345556	4.38218720671486	4.8266709990458	3.22061497113596
Unigene0000476	3.7441888759429	4.76507642054191	4.65595422484123	2.79238399607379	2.83273207266386
Unigene0000477	4.66622909352935	4.98317123760776	4.83219196928036	4.60371595138874	4.62358608828103
Unigene0000478	3.21430377186442	4.05113388709099	4.5216648226978	4.144634113172	4.72807123079356
Unigene0000479	6.54463823175589	2.7753070748782	5.23718177060058	4.58736799155471	3.17746638813571
Unigene0000480	5.45489650021662	3.57290564655759	5.22786740189344	4.72716036627044	4.24838420381475
Unigene0000481	3.19955981595667	2.3020262852033	4.1359109188567	4.55524622584434	3.7346359224299
Unigene0000482	3.80843173358539	1.26468484518897	4.2380569700006	2.96816506090919	4.66529238975724
Unigene0000483	2.91461568592165	2.44618650448749	3.64516302410405	2.85912763516804	4.21381877661405
Unigene0000484	3.47230759459255	3.17254921155602	4.59013126941319	3.53558518588962	3.06430809098792
Unigene0000485	2.4581438148623	3.49343537581384	4.65358724875909	3.6919182450389	3.3782199820979
Unigene0000486	4.33711816318225	5.50322864370771	3.77072022406875	4.09217141998536	3.6844573800643
Unigene0000487	4.6393640357619	3.7595837586752	2.29463810318788	3.34356486390223	2.85451948983685
Unigene0000488	3.46024896620891	4.77318083203584	4.98318713243013	3.57074228991772	4.11269979172415
Unigene0000489	2.34678501172917	4.36025835460504	4.12416868734637	1.60368915201308	3.62643632005866
Unigene0000490	2.43005918272221	3.18401108431447	5.49452017202089	3.07511345142192	4.41404256864295
Unigene0000491	4.66106665511048	2.50346778794086	5.42852384486939	3.08208758736486	4.68087971606454
Unigene0000492	4.54058029498949	5.12137230453107	4.89219297018308	3.38474872705048	4.82690943356105
Unigene0000493	6.21559935105057	4.06822187102253	4.64038223335472	2.66615838051737	3.52898169806296
Unigene0000494	5.64242657055684	4.40533164415612	4.39020121787578	3.44523639145408	5.0748619457779
Unigene0000495	3.04005343283053	3.66197379549773	4.23227625177526	4.25103581281743	3.98397729688551
Unigene0000496	1.58171011583918	3.95726709936712	7.22408093353702	3.32531930835176	4.78598908794635
Unigene0000497	1.83135430565831	4.92479961776585	2.4438742241599	4.11718150683864	2.12992740221974
Unigene0000498	1.89535753031734	3.61961314945584	3.93400082302265	4.05923938733149	3.89356043566137
Unigene0000499	1.90717397148419	4.72592699527218	2.20270401726301	4.0372285410782	4.22592307785686
