id	min	lower_quartiles(Q1)	median(Q2)	upper_quartiles(Q3)	max	Inter-Quartile_Range(IRQ)
A-1_rpkm	0.235538223	3.349362247	4.045186962	4.695183232	7.117922724	1.345820985
A-2_rpkm	0.859201991	3.237375162	3.919198431	4.638143652	7.491926476	1.40076849
A-3_rpkm	0.698789185	3.372761463	4.16460998	4.836999155	7.224080934	1.464237692
B-1_rpkm	1.199397897	3.276680016	3.916080681	4.585272685	7.150547223	1.308592669
B-2_rpkm	1.513542653	3.39656104	3.983977297	4.681539744	7.00377947	1.284978704
B-3_rpkm	1.573077707	3.380129226	4.023763766	4.728301602	6.771983788	1.348172376
C-1_rpkm	0.745678338	3.362351804	3.985181453	4.689772906	7.176104528	1.327421102
C-2_rpkm	0.924775931	3.356805596	3.985900685	4.688155668	7.306014083	1.331350072
C-3_rpkm	0.593083052	3.308454857	4.028193967	4.67333499	7.393124548	1.364880132
