id	A-1_rpkm	A-2_rpkm	A-3_rpkm	B-1_rpkm	B-2_rpkm	B-3_rpkm	C-1_rpkm	C-2_rpkm	C-3_rpkm
Unigene0000001	0.2583	0.4179	0.3351	0.4295	0.6662	0.7292	0.2122	0.1777	0.4199
Unigene0000002	0.933	0.317	0.099	0.0997	0.9417	0.1581	0.1314	0.2407	0.1625
Unigene0000003	0.2327	0.0904	0.2636	0	0.1253	0.0631	0.2623	0.3363	0.3568
Unigene0000004	0.2003	0.5346	0.3898	0.1427	0	0.1018	0.1939	0.2842	0.314
Unigene0000005	4.3975	3.4847	3.1122	9.7206	2.8984	8.4525	5.2461	8.0574	8.9732
Unigene0000006	0.7334	0.7688	0.2907	0.4808	0.4737	0.2385	1.2396	0.6963	0.8176
Unigene0000007	0.9083	0.4408	0.2045	0.1177	1.1667	0.3637	0	0.0426	1.0068
Unigene0000008	6.0885	5.1771	4.9436	4.6118	7.7484	5.4086	2.7465	2.8371	3.8681
Unigene0000009	0.2229	0.2164	0.2367	0	0	0	0.0589	0	0
