ID	sample-1_rpkm	sample-2_rpkm	sample-3_rpkm	sample-4_rpkm	sample-5_rpkm
Unigene0000001	5.07464126335754	3.65967655024692	4.37090140262987	4.23689766294512	4.76521923333948
Unigene0000002	7.00377946989847	4.37949493736209	3.57946752957751	3.19718115973222	4.33183528185768
Unigene0000003	2.95433780991951	3.60742854446692	5.72593566479634	2.73233857349223	2.14962859779678
Unigene0000004	3.28959230981215	2.93772783940761	3.36296499004462	3.44955344648225	1.29957807901574
Unigene0000005	3.95204253286851	2.53239785327979	5.10317454052024	4.71009273317834	5.12675629229887
Unigene0000006	4.90679600866197	2.30189868487512	5.36905664636551	4.26916425261679	2.21726405143625
Unigene0000007	4.71914546984166	4.56851560204304	2.21766106901944	3.33928455893864	4.11816829637077
Unigene0000008	3.96926092753878	6.26204034263758	5.27370113022373	4.8302624582721	5.66229655818989
Unigene0000009	4.65789635163245	4.32268272778304	3.52621670466322	3.87994008395729	5.09379058041353
Unigene0000010	3.76526368578098	4.47996530073925	4.41159224017356	3.16735203249803	3.11584209119471
Unigene0000011	6.79575060765457	3.19750131592458	4.78857389386603	3.06419232725581	4.84830115921298
Unigene0000012	3.50850847360708	5.31178026608289	1.85046210420055	4.05044349049574	4.40595301023434
Unigene0000013	4.87304716143081	2.97139942024736	3.29008309380472	3.72804083572394	1.86497394015437
Unigene0000014	4.31845402196923	4.31323647313746	4.16921275873416	6.66118333880922	3.65024593468326
Unigene0000015	3.81584912678906	4.02347255916292	3.59692740971033	4.90467761673691	2.13312898114306
Unigene0000016	3.3437559617079	6.27264559040335	4.84317652521846	3.38577027067971	4.35112315641955
Unigene0000017	2.75106709609233	4.52148622548928	5.40930710774733	2.66976765173019	4.02277847359333
Unigene0000018	3.17336153965549	4.66631064605839	5.63394392074509	5.29205096494035	4.67154278699984
Unigene0000019	4.77500567192411	3.61355077491813	3.62295217861051	4.1767110052506	3.37951710204286
Unigene0000020	3.83320949636668	2.58881380318288	4.21155025145158	3.57808275853181	3.19125483011592
Unigene0000021	4.06407941133503	3.58608783085652	3.77138420812704	3.26171483963692	3.71564157912169
Unigene0000022	4.61687841376488	3.7184614742623	5.02057766546277	3.15868944549176	4.61290692487122
Unigene0000023	3.5845785039419	3.38947089028163	4.65227654178789	4.99326297054427	2.72320622326993
Unigene0000024	5.13748895961533	3.67017274294808	3.39323702382779	2.82772993224768	3.77742186567954
Unigene0000025	5.30767742004122	6.41924920489668	3.55082289563499	4.84828519969808	3.27412448718055
Unigene0000026	6.65826636577331	4.99717722106942	4.5336102052922	5.53117480706061	3.71856247228169
Unigene0000027	4.50426741291438	3.95619258884123	4.38689149261198	4.32457070546047	2.57430767530553
Unigene0000028	4.8989156753968	3.69928542834928	5.13392702781291	3.27960183938758	5.37784649908474
Unigene0000029	3.51305993381291	3.22410002422523	3.95112073194646	5.33071409637758	4.23484656601892
Unigene0000030	3.85092666579276	3.11352019270547	3.67719501279728	4.94531597168622	4.36665410624599
Unigene0000031	3.25736534141342	4.00980724857284	2.95990304607378	3.07787675744065	1.98922387136903
Unigene0000032	5.06391375815016	4.97434145068833	2.74531131747496	4.52409395647028	5.77491502751068
Unigene0000033	3.400204706021	3.50260013421737	3.53754900428936	4.00651838781441	3.63912110382693
Unigene0000034	6.63445976648049	3.91161330059227	1.99036903905089	4.58624207236808	3.91963792741831
Unigene0000035	3.05557972085996	2.58317390776414	5.28048458791779	3.60304181469169	2.33232129993598
Unigene0000036	3.39083234829859	4.63116015725248	5.74036853768023	3.96741805685854	3.85799650818117
Unigene0000037	5.42370666687478	2.6798090492955	3.4718115816911	2.28050226830783	4.87016506652784
Unigene0000038	4.20761136180244	4.26775330648896	3.04260616078389	3.05352696058909	4.34925059095288
Unigene0000039	1.81682969026496	2.81780153923287	3.55765319158521	3.94157045689789	6.23526747142045
Unigene0000040	4.19851521282349	3.97271791015851	4.12438341014551	1.76044883295801	3.14895983593889
Unigene0000041	3.06081511031418	4.81224222277475	2.34572641534538	3.20082678020084	4.5867900214613
Unigene0000042	3.7085546896047	6.26798559977772	3.33735597800798	3.83877519123434	3.70508304686115
Unigene0000043	3.9763494230445	4.59687391081839	3.12760748684219	4.31897488291835	4.34295900490012
Unigene0000044	4.68219977207792	3.93083074975241	7.17610452821439	3.92281338936354	3.38833885360108
Unigene0000045	3.42490350455841	4.38154336497151	4.0077418332937	4.02943985014343	5.41509017524776
Unigene0000046	2.25634626530193	4.80745805828761	1.93595254727131	5.02159802137404	5.19880038392415
Unigene0000047	6.58606094098732	6.25204113872522	3.07788750624011	4.14842262185229	3.08729502702286
Unigene0000048	3.07594439278213	3.2194543238908	3.20887733276025	4.16228893760103	4.16747251484304
Unigene0000049	5.2679524678069	2.32893388647588	5.12815169385714	5.32461931999806	4.51575497942371
Unigene0000050	4.95187906845195	2.88063026813706	4.01924367090019	5.61345500954229	4.1899137093958
Unigene0000051	3.09498587392276	3.15803605848781	5.41682366777824	2.5209124425433	2.58130182695775
Unigene0000052	3.79975462287465	4.84266247482233	3.98607744959446	4.84186386267487	3.73161258552638
Unigene0000053	4.67182537141524	3.52396507368777	3.61365398700533	2.38211023433494	3.07789973997909
Unigene0000054	3.85846553229716	4.13109947136177	4.41586550957155	3.13609906663925	4.5476248644666
Unigene0000055	3.70512902813364	5.61823205545333	1.77747463369922	3.7531476448052	4.59186545764381
Unigene0000056	3.8430716070303	4.07852203877555	3.84644414200198	3.91596000982294	3.02120169813504
Unigene0000057	3.63842419641992	4.79862820578384	5.02661265074028	4.72839679713622	4.83006827638775
Unigene0000058	4.46995769029712	5.52264917864262	3.37902501989887	4.83807973885699	3.70276937583369
Unigene0000059	4.18305163382667	4.4734673752697	5.32336004005577	5.95567557190516	5.30212650518767
Unigene0000060	4.15422750104209	5.0598519180149	5.07285678674812	4.23589161343291	3.89971733988521
Unigene0000061	6.07092795577669	2.75667762685926	5.2189415558977	2.40530879043181	4.56378833687088
Unigene0000062	5.0327482306108	4.17370759344342	4.46361358329368	2.95469463488633	4.36178512990632
Unigene0000063	5.61153983966225	3.87989051533539	5.0071266513456	3.81221877141474	1.41696978310452
Unigene0000064	4.5448063577019	3.76452151320554	2.71109665922952	5.0109049732051	5.89431580367361
Unigene0000065	4.20767423554059	4.52967722583286	3.88192944597364	3.93938538573993	4.62458079857197
Unigene0000066	4.38654057086418	3.50776899021707	4.63004138063544	6.37222635539955	3.52821413682592
Unigene0000067	4.94253517010737	4.42271350837107	6.54817321446659	4.74337655295008	3.42416098905554
Unigene0000068	3.45347408629541	4.51108073001554	2.36462472709272	3.54531847618516	4.41093135074002
Unigene0000069	4.38851048153601	2.46714952180734	4.92107593751308	3.98937713824511	4.30874720114496
Unigene0000070	4.44683526774906	4.43274428706634	3.3901520657908	4.50402890079034	3.63632077666162
Unigene0000071	3.76134709502499	3.61629914191151	2.24184228061598	3.76922229491796	4.76080510750273
Unigene0000072	4.25428969931513	2.27140241524473	3.56559687471433	2.52527882824818	4.41976763023282
Unigene0000073	3.67689355972848	5.07166065940339	4.50436943131445	4.83031984641724	3.01981571669758
Unigene0000074	3.82538142392285	6.03870494575607	3.47588598074008	2.36117565812722	1.93705357478614
Unigene0000075	3.7218412917851	3.97277818908463	5.62317462686427	5.27365362044321	3.50344234737658
Unigene0000076	3.49156123362662	3.76412084563801	3.68412757855746	2.89963854230635	4.64145866093824
Unigene0000077	2.95575502854998	3.69978589698035	4.64944635702479	4.09651851264771	3.68070397091997
Unigene0000078	4.3380097888401	2.64584539026368	4.74359980918714	4.40809731291162	5.79035484394957
Unigene0000079	3.79967021243888	5.15063512049139	6.10844940099191	5.57635943963244	4.61130701813394
Unigene0000080	4.70995099346275	4.51228389631229	5.09257751610735	2.3452170766022	2.99951148619053
Unigene0000081	5.50259060588334	4.90544674921088	3.9394912889887	5.40085892443402	3.02559253680145
Unigene0000082	4.03510349056839	3.89076662333188	4.24003498374922	3.74945569138125	3.4161045324902
Unigene0000083	2.29920026312765	3.92152173767912	3.79975988248356	5.44816669209025	2.97269318738008
Unigene0000084	4.76889939580237	4.48436262571308	4.76934544745562	4.20102168621385	4.10744663524142
Unigene0000085	4.54889221013185	5.50339189747073	3.64641710261848	4.1236217842834	4.35960452380651
Unigene0000086	5.31570212576834	3.74582766371363	5.85250810372603	3.49153922726811	5.04301174673579
Unigene0000087	3.74485514892144	3.71259428539234	3.33861453013809	4.74386178678068	1.91191675110515
Unigene0000088	3.87565535599064	5.22800250642555	1.8941441727137	4.58752060865203	3.6206171714067
Unigene0000089	3.55922078692777	3.82467808560289	5.02402906440472	2.60688515646144	3.70884206908509
Unigene0000090	4.21953769581369	5.15778720347258	3.09423486857618	1.62089006134687	3.4001896137161
Unigene0000091	3.69873623083575	4.35954936904022	4.25923737875363	4.25138449334264	5.10296024870739
Unigene0000092	5.1240302665462	3.53255596958468	3.55206060043095	3.56856505429081	3.51415021312238
Unigene0000093	3.11093850399656	6.12757015669527	5.0092873743952	5.12449377250304	2.62496306188306
Unigene0000094	3.35513301836733	3.68800944610447	4.30331589993689	3.85652670923605	4.58862725367697
Unigene0000095	3.73847421888307	2.79643678669547	3.58394588518218	4.89964850872251	4.04869357362328
Unigene0000096	3.97582713156738	3.81379917035964	4.69962151008205	3.26797978100862	4.91256100699205
Unigene0000097	5.02840685706821	3.25492404747272	3.80253981521182	5.07250721489841	2.96823693504531
Unigene0000098	4.69957444649644	5.19429132674446	3.51981241694952	4.80565765485273	4.38804193667026
Unigene0000099	3.67815020380367	3.37223741399576	4.29379101749015	4.11531013830448	3.43359564549029
Unigene0000100	5.24141202578528	3.09645135812462	2.70307147860936	4.500532445324	3.76180033157992
Unigene0000101	4.54975441550976	3.94541361629436	3.7798929348457	4.2410420325465	2.40426140998859
Unigene0000102	2.59123208556021	4.58520879915645	4.38436278912631	4.43043114309858	3.42570096189567
Unigene0000103	2.51680309206623	4.1794297017325	4.07790006042872	4.18999254419946	3.35421532517071
Unigene0000104	5.52682364643271	4.0726654665641	4.93756932997598	6.00374393805912	5.85728652765563
Unigene0000105	4.43969212815914	3.27296512216781	3.22450930121099	5.55222378716438	3.20526549608888
Unigene0000106	4.39168991798144	4.01262312756739	4.13291502153597	4.17517753824006	5.7565888222485
Unigene0000107	4.32560226599645	4.32745045606069	2.1454517253063	6.12348309969557	5.3601047520152
Unigene0000108	5.92293610820988	3.56517226463888	3.67626916468784	2.33315546981206	2.83174524987243
Unigene0000109	3.23259850667308	4.47485906056459	5.22936680635487	3.74026592707661	3.6748454349733
Unigene0000110	3.63970243666866	3.79304372993837	4.97961200808949	1.65426607037049	3.02642573872041
Unigene0000111	5.79467335022981	3.68262715168993	4.97978866712691	3.09132665381765	2.33232107450898
Unigene0000112	4.7971110240521	3.85749135773477	4.36665401371421	4.46498720504965	4.25444087662885
Unigene0000113	3.90520489940961	4.18685736603217	5.4160975732312	5.33341868517723	4.55695189941336
Unigene0000114	3.02128018303529	4.01922736332319	2.24336563342597	2.6870709380462	4.26672893176227
Unigene0000115	4.44438472564481	3.59232749536625	4.69734074224653	3.90428982364446	3.10598634449098
Unigene0000116	2.49669447819799	4.6214878963622	2.22789470345477	5.39859936430557	4.72035665649121
Unigene0000117	4.96632284552683	4.42789013156215	5.33141477060364	4.80008190221115	3.51582251375264
Unigene0000118	3.50208299835809	4.48899033538564	4.50434432083142	5.10760169768536	4.14763299581124
Unigene0000119	4.24381711189049	6.18292671904873	4.32180905188605	4.21515118082261	3.59229154185033
Unigene0000120	6.53120060362603	4.43574318230297	3.85606275063332	2.46808137339461	4.07471054659426
Unigene0000121	3.92268698307768	3.73836116832652	2.56996134956786	4.47912311049184	2.96296353246374
Unigene0000122	3.73324731168907	4.32832938520854	3.59457127221295	3.65793145068515	4.19720973847972
Unigene0000123	3.9124138859168	3.31764046360079	5.46158647562998	3.05399148716906	4.30892098192437
Unigene0000124	2.77893074518094	3.39476528334004	3.94410269551147	4.53752310242674	2.8718689965107
Unigene0000125	4.90654789751964	4.95631952569531	4.05655489253371	2.35049689335485	3.84182295341333
Unigene0000126	3.54562333477204	3.77583672309742	5.5060142080054	3.55877060826958	2.96410111727007
Unigene0000127	3.20258335508771	4.20325639961507	5.37104997794617	4.83449947508047	5.17093985314871
Unigene0000128	3.79378432838931	3.11826321936246	2.21031118197229	5.19037143380787	5.61678244185345
Unigene0000129	3.91237063952241	4.14701193429601	5.37129314025539	6.30369976302033	4.45535400444968
Unigene0000130	4.21521779063597	3.76033528905904	4.59603453819081	5.02653677349048	3.52542873742396
Unigene0000131	4.69784730254048	3.58002851521576	3.64480680498709	3.49892643271542	5.62548423176743
Unigene0000132	3.92380058112522	4.25205378790425	1.90572086800368	4.06361436765276	4.85610972748632
Unigene0000133	4.75457544669861	3.80517668582029	3.21844777102036	3.18625852332526	2.88565817000284
Unigene0000134	4.62620864465243	4.89227968602848	4.11539995136655	3.04953943819495	3.62811218617016
Unigene0000135	2.81260886316761	4.06422024480959	4.68366149371584	3.91963701289315	4.97171217778307
Unigene0000136	5.80404409062987	4.84561434050975	4.22686966187118	4.02767331681536	3.53330010207901
Unigene0000137	2.67025723878582	5.27061058896525	4.85014854676565	3.81464396113093	5.09917461470486
Unigene0000138	5.18339303183412	5.11951084861312	3.88203147459549	3.80371892567797	4.70915577762045
Unigene0000139	3.63145757679479	3.88465573642072	4.43721935067109	4.2774552247154	3.93252538174066
Unigene0000140	6.39075857565272	4.0237637659671	4.68030623008635	3.94209489446604	4.7378330876181
Unigene0000141	5.57819523152951	3.95679002952051	5.27214524849539	3.70691225855156	3.53559808159567
Unigene0000142	3.13871963501586	3.42969855354243	3.627999431111	3.14859360048233	2.85991392743692
Unigene0000143	5.6296779836723	5.15869548324803	3.20989089218083	5.38561289452379	1.76342339886995
Unigene0000144	3.48765051299331	1.97096271328756	3.09107220858575	5.3811862017661	4.44156824599117
Unigene0000145	5.61109709983141	5.03232335966074	4.01984784323213	4.35361617936672	3.3443572969428
Unigene0000146	2.8723783376679	4.56637671815695	5.57040201134289	3.48529695306167	4.06439185158618
Unigene0000147	3.33530150833505	5.6397006533581	4.78908794694315	4.0592944221481	2.47296887126759
Unigene0000148	2.08148443520748	3.62337603353366	3.42698069685302	3.22730800161531	4.63712674336464
Unigene0000149	2.53258600764151	2.70555483245331	4.09261613790542	3.34776687857466	2.30035265161609
Unigene0000150	2.28915564539607	3.56382114037193	4.09589601211757	5.08192576037174	2.68144302092683
Unigene0000151	2.57124855957869	5.0061622665361	4.08627790222647	4.8545653260655	4.57887347803979
Unigene0000152	5.95477999476507	3.16572713442965	3.10597042833823	2.57282375119939	4.67906964337156
Unigene0000153	3.67103454002402	3.31658283644689	3.70196616168148	2.4392983284785	4.63767448048952
Unigene0000154	4.45949078152489	2.14802492659203	4.22421247783757	3.56293797442642	3.87705525230026
Unigene0000155	5.11633773878475	4.81759761795909	6.28252794669302	2.94276394252301	3.2027053185021
Unigene0000156	3.28281085174321	4.76199233430723	3.94067715448384	4.25042914695756	3.43557114513647
Unigene0000157	3.66252969574893	4.07222739276575	3.25660154923955	2.14785489707965	3.25398414444819
Unigene0000158	4.23248671247775	5.05289858360175	3.76805901646477	4.41984710529329	4.83058039955644
Unigene0000159	3.42011491326836	3.38475321414113	2.61564491711028	5.55934781613548	3.24847964464383
Unigene0000160	3.97216868885677	5.3962679768687	3.79153276579344	2.9940050382918	5.39361105128958
Unigene0000161	4.8989703297799	4.37584454978371	3.53792808020452	3.34808025004959	2.52678508547485
Unigene0000162	5.04694204874816	6.31174206719953	2.84892975142366	4.58828828975861	3.5799128677522
Unigene0000163	3.46125665286259	3.98078653991266	4.31498044925136	2.62971847294931	3.82262949766622
Unigene0000164	6.64918691489815	3.04537076721726	5.68660411779063	4.49959346594702	4.70316461757857
Unigene0000165	4.18702413239814	2.77210882271125	3.02265670832789	3.74675130116962	2.84533736696186
Unigene0000166	2.27514406061901	4.45332201624954	2.8765568989283	4.26572391059534	5.09330391687224
Unigene0000167	3.61122831247228	4.5753244762058	4.23943726961374	3.19262300141973	4.32645680887321
Unigene0000168	3.40205481087066	4.64281252184417	6.64506501640947	2.57500761152515	4.55662613584381
Unigene0000169	4.55325464313836	4.14178267299691	4.78563429525632	3.7302030240772	4.37112720939538
Unigene0000170	5.46308870854333	4.09693941700075	3.16238433554046	2.66819547662162	3.05677507308445
Unigene0000171	3.78032490762639	4.36533505407934	3.97790586160732	6.27359518411607	4.8518472369436
Unigene0000172	3.86252005658222	5.06002472289362	1.11713045715836	3.68015703630583	3.48654806326392
Unigene0000173	3.55426609021465	3.13552951657739	4.09903260719642	3.55246463777565	3.62248994081976
Unigene0000174	4.40652749486318	5.25591432647484	3.94721881858248	3.25739052143169	2.23289229863589
Unigene0000175	3.0247847677908	3.14869150678846	5.35522360567798	3.30362685168943	3.95180338678017
Unigene0000176	5.74576866220089	3.57902632231918	5.69564087578546	3.93710881574487	4.67512719225247
Unigene0000177	3.58767342699933	5.1473575287565	3.58493311914935	3.43111534744929	4.4654687221828
Unigene0000178	5.63162067995828	3.35653138759951	4.98730152052841	4.5006927465219	4.43877899047958
Unigene0000179	3.67306504861915	3.53089128486241	2.01894029660134	4.24412245769978	2.32658629434727
Unigene0000180	5.11806513357706	4.13778944894324	4.28017896628758	4.95093522421707	4.06654783953555
Unigene0000181	4.08557852566348	2.64889865299045	3.89485147926012	2.74911306916625	4.61413529002702
Unigene0000182	3.8170989501306	3.46227683506401	5.39784349353212	3.18926306965226	3.22710214683427
Unigene0000183	4.67011425473132	6.24050564888068	4.33959964769478	4.23776691166298	3.28436287822532
Unigene0000184	4.44741413239393	4.39597428693717	4.18155680336416	3.45308314582833	4.13453027232538
Unigene0000185	4.48253453896303	5.22744918941104	4.77183856336055	4.80447258431794	4.49485414800384
Unigene0000186	2.26472735381102	4.55848003427784	4.23286122190893	5.03016005428168	4.18475219031854
Unigene0000187	5.32768115763256	4.1550792568524	4.25079317126754	2.77880173905854	4.08552682035825
Unigene0000188	4.19894513725739	3.18517812604858	3.24211191595552	2.53218715335559	6.06933143721042
Unigene0000189	3.30895240339104	3.86359920385753	4.10673368692602	2.62971057169344	5.37372178292574
Unigene0000190	5.34124586198988	2.9779312238331	4.19014758241339	4.32508566975064	4.45434587539433
Unigene0000191	3.25569079630213	3.6710635862561	2.93940148608202	6.25629128096562	4.80138283539669
Unigene0000192	2.60289626492959	3.81810730114682	3.61718418661991	2.38249529232778	3.84623138771779
Unigene0000193	3.0036917737974	2.73970145955974	3.39361209066215	4.31643195946766	5.55025443377566
Unigene0000194	5.20133914221346	2.73043880040741	3.90344313199639	4.50087058105985	4.24231565249758
Unigene0000195	5.75664850484068	3.67771004993976	5.14581078525175	3.56364309754233	3.0255448469824
Unigene0000196	2.95985066818908	3.24440293242698	4.01372273674634	4.25628403105456	4.43585320545986
Unigene0000197	4.55967099110014	4.30946466241854	3.99001766182201	3.42924599080789	5.4647417187833
Unigene0000198	4.23490102014998	3.06380451384695	3.80304251191108	1.63810714933628	3.80584167353191
Unigene0000199	5.35453877723059	4.77335845676867	4.35081356317708	5.4243781865687	4.87930845259627
Unigene0000200	5.0114608824685	6.77198378765067	2.83705373370141	4.75882409172381	4.76589995440743
Unigene0000201	4.73392129354706	4.16738798328876	5.2450875648552	5.5922973584435	4.7398953293063
Unigene0000202	5.14243675756003	5.73222286002022	4.3793304008934	3.54174289708451	4.81681800155293
Unigene0000203	2.49444727456828	3.27092093822628	4.50997782158011	2.84034306117061	3.73196106320408
Unigene0000204	3.20660830384726	5.45052298573885	3.08774404932073	4.09615287303993	3.91811319826509
Unigene0000205	4.07417845358584	4.29365841261001	4.2944501704767	4.21633509181742	3.98170687642998
Unigene0000206	4.15251653626021	2.4529973140897	3.77637830066748	3.89803167853509	5.42457199986823
Unigene0000207	4.12968353633818	3.55209758167592	2.08064864040525	3.82260473210807	4.0736004345954
Unigene0000208	5.65029643492509	4.09546086552074	3.59380771793685	5.35801987532649	4.84475912037255
Unigene0000209	4.57540722067395	2.5728662860816	3.66935983178138	3.8809470212562	5.24708630305369
Unigene0000210	3.70534161093415	2.73935541025381	3.55350066629822	1.78515412661583	4.35424881330415
Unigene0000211	4.43428790700635	3.49100808992661	5.32520866233831	4.58486812479863	4.78203995158189
Unigene0000212	4.4318185806334	3.60840311977001	3.83966976605694	5.12799146123878	4.13096991702026
Unigene0000213	4.57533796061131	3.00853003938099	4.28364275133479	6.40966877674216	3.44983621189344
Unigene0000214	3.92849374762684	2.84942232873618	4.68733585189011	4.68808662067594	4.25676603165262
Unigene0000215	5.25932893148027	4.06463865955741	3.16448526320787	3.31554736926277	4.8275651824463
Unigene0000216	4.87483156832276	1.94957082007165	4.91394047622127	4.06741031479752	4.51936065382973
Unigene0000217	4.52966148386376	5.40900598110078	2.2479147121811	3.65806222219174	3.65168143161725
Unigene0000218	1.53515450683783	4.68559506939472	1.86033317796987	2.07205240189073	3.21708130225744
Unigene0000219	5.33532689842179	5.44561089723855	4.18154650494856	3.44261763662647	3.86436866766451
Unigene0000220	5.55010931951009	2.8765350935347	3.58465031899161	4.19513074947914	4.98004910411689
Unigene0000221	4.00220150263134	4.43214365067173	4.33784915685259	3.8704470048766	5.48453124988744
Unigene0000222	3.65839899122509	2.46641205997165	3.01456576547188	3.0309677645477	3.57694980328632
Unigene0000223	2.77537628468308	4.71354186196126	4.0680691673164	3.58550459819511	4.03767666078983
Unigene0000224	5.39435695391299	3.42531814262261	5.43601421143364	4.40071271909456	4.63901403856064
Unigene0000225	1.66147146049395	2.55166300808151	2.78742326881346	4.69508060174158	3.95426978248576
Unigene0000226	4.00728517440617	5.91847276277058	3.77485488251002	3.70049706627691	2.31614601007642
Unigene0000227	4.38013354515721	2.96828406581068	4.78235711108913	3.10444588207808	6.45564359217989
Unigene0000228	3.90535403066674	3.82651810999358	3.61325685348283	4.83260880631506	3.94788462457206
Unigene0000229	2.96862336960783	3.96053967146527	4.09619545730442	5.0171419925192	4.78217798372185
Unigene0000230	2.64090602789277	3.76595309328033	2.71920356676114	5.32548328992217	3.47474150178619
Unigene0000231	4.3004347046319	2.79386451538031	3.78912398087585	5.02360355782552	3.72463034679117
Unigene0000232	5.25420828195153	4.81811912457648	4.52523858531813	2.7867500336037	2.7408872893188
Unigene0000233	3.70163754979291	4.39525069834457	2.4299002773145	4.28014273499958	4.03186334813401
Unigene0000234	5.1422194619448	4.63676121216239	3.13678057504893	4.38157673020984	7.39312454770962
Unigene0000235	2.55253231726434	4.39807358090229	3.18583654488115	4.22505719098647	2.00861742727645
Unigene0000236	5.27070572701181	5.12644773834327	4.09186018532293	2.73112904481565	3.13452840144731
Unigene0000237	2.83161716415881	6.66795177364417	3.87847255613005	3.28009287594726	3.54001185551427
Unigene0000238	3.19116872229722	5.57019595516856	5.05428088076777	4.39855523797661	3.64415581290444
Unigene0000239	3.61918539063072	3.97996558893976	2.12464049310503	4.69790700976771	1.91244944406221
Unigene0000240	2.78290074642651	5.06084581295617	4.36933889194429	3.69022882679531	3.04494513859627
Unigene0000241	3.62547698534555	4.6450262410045	3.47746090777767	3.34724103535337	2.3792362389159
Unigene0000242	4.19274986082377	4.26229782747036	4.23859788327244	3.96641608771147	3.38936555959266
Unigene0000243	3.77727127041101	2.989083810085	2.03023430829451	5.94053761666515	4.79800587993509
Unigene0000244	4.98202077414189	3.49974270094555	5.28225819528412	3.01360710611093	4.72374575567998
Unigene0000245	3.0257914482521	3.58267651822062	3.36173861774245	3.56536542183724	4.42435657551739
Unigene0000246	4.20121584876555	3.17271668210912	3.20750900173643	5.90781456581631	4.38612751737271
Unigene0000247	3.98379816712676	5.95184556190548	3.80153766254578	2.62751204004421	2.31175930724728
Unigene0000248	4.71955718297314	2.95146733376471	3.97504760071402	2.75377273042238	3.5593436763281
Unigene0000249	2.14116164584151	4.34516664944358	2.11559756963755	4.82195477622771	2.77861077617515
Unigene0000250	2.4178524090109	3.96136970612633	3.79488802179569	3.50431149453587	3.28282828056031
Unigene0000251	2.18438497289676	4.29769480919338	4.23495095462335	4.07797697161673	5.49120945221203
Unigene0000252	2.48980381277463	2.99403972692459	3.27788862629745	4.16941875791855	5.3619764836976
Unigene0000253	3.25372911426116	4.62989217435984	5.32612059941229	1.65175626385218	4.00211904155756
Unigene0000254	4.93496430905881	4.68158191865878	3.7896706937531	5.95998919457879	4.12918087466895
Unigene0000255	3.93639595584961	3.37946650064891	4.91462650506394	4.64506969872372	2.68472025006384
Unigene0000256	3.46791127828004	3.43032531866006	4.85389263273751	3.46988508941731	2.32715412104361
Unigene0000257	3.64541801194657	5.74081438668216	4.4195718892347	2.80153891390997	4.05315277145635
Unigene0000258	3.55599063840535	2.61969211949533	3.81152418675032	4.15927443149815	5.03491904158569
Unigene0000259	5.09259749218275	2.0818503141631	3.98518145303546	2.70959284912156	3.55300772973595
Unigene0000260	2.99992651586754	3.43695356434	4.55060602011964	3.46608544796061	3.53179742346605
Unigene0000261	4.61006790610118	5.19377665001135	5.09711456340722	4.69503707569543	5.64093207399532
Unigene0000262	4.03262084502588	3.46246342204378	3.77819526654802	4.72757557941462	5.47788926238488
Unigene0000263	5.32867617751458	1.6399033428774	3.72812034132181	3.90091381543207	5.5209177749983
Unigene0000264	4.79490934885826	2.22929566011537	4.70754369865612	3.17846392315925	3.95277973329
Unigene0000265	4.27985731474651	5.84544179601533	2.72683165649263	4.32273287786454	3.24139571815313
Unigene0000266	5.7316980051798	4.47971387630073	1.21063108090574	3.73827556984305	4.85872828479378
Unigene0000267	1.51354265314927	4.77308715990208	3.2637307434382	3.6858056393953	2.99860180474798
Unigene0000268	4.23049738014884	5.23222409180623	2.3001160580502	4.03058440361257	2.63099965091028
Unigene0000269	5.18779996852042	4.58876823558859	5.56619933580972	3.51438988440327	3.4148485027812
Unigene0000270	3.19992130587106	3.32388372499059	4.87635344260049	3.71948567294452	4.81552426226385
Unigene0000271	2.1814949839408	3.49126525877053	3.41853494473212	5.25165453730721	3.87469431340861
Unigene0000272	2.042894957475	3.29590847302339	3.50671974540366	4.93957754990838	3.77122732327904
Unigene0000273	3.10454890543107	5.68120131836393	4.32085317778473	3.28768432780477	5.98068824337721
Unigene0000274	3.35107915077823	4.45769840136346	4.11432781352168	4.36040991302618	3.52069499796938
Unigene0000275	3.58501364585882	3.67153349690527	2.28272589216473	2.66503097863881	1.93831581563408
Unigene0000276	3.78773598354912	5.13865186355422	2.88159117161787	3.79735799070164	5.7528344895274
Unigene0000277	2.98823910829475	5.15110283750654	4.08572876973352	4.70715964914226	2.42845299205584
Unigene0000278	2.48929875865503	3.96373448652392	4.121174994208	6.04074270963918	0.593083052421872
Unigene0000279	5.07351776158894	3.56045158367029	3.41672170208772	4.09007517696867	4.92008947002821
Unigene0000280	4.40679325221524	4.03984873167842	3.93046627671935	3.13462966451967	4.35308322903519
Unigene0000281	2.50796178442638	3.65674223970124	4.20950738620882	3.40121123423592	4.02488110880236
Unigene0000282	4.00397501537193	2.96664090371691	5.39281133701547	2.72801840267682	5.07617322156396
Unigene0000283	3.71524916364708	4.74974733449417	2.12574985199196	3.66186816392003	4.7804152375
Unigene0000284	3.26078776616194	5.41987344511996	3.91086187862474	4.28322184046226	5.88474711245035
Unigene0000285	5.01797248766578	4.89052171289381	1.3662833185849	4.06085321889892	3.29183527037061
Unigene0000286	3.58338780347308	4.24161582812883	4.97746874737253	3.22013177864449	3.72188872052119
Unigene0000287	4.43712522853671	4.3201015478131	4.49258831848136	4.08625606973541	3.2658282273656
Unigene0000288	4.28644365168507	3.5746578601486	5.12351007386062	4.93169636770159	5.03537159162751
Unigene0000289	3.02846176537801	6.12614281905284	3.80626453735492	3.90953931497573	4.64912048056237
Unigene0000290	3.53737948043921	3.18564624758528	1.78151547174763	3.95936438235444	3.31147752410714
Unigene0000291	4.66732373071157	2.13872519757005	2.27693939747024	3.41294689173949	2.84376993260495
Unigene0000292	2.62446193954763	5.65194610778376	3.55822171181049	1.81656163690355	5.33757287672874
Unigene0000293	5.09919100070309	3.11052821140833	4.58290811491729	3.29581197370233	2.88425253706237
Unigene0000294	3.9689670341491	4.03076914331702	3.89266034325105	4.23400054235189	4.56599912766202
Unigene0000295	4.57034233608124	4.32628054543953	3.42188696709334	5.03237356193943	2.68795206650504
Unigene0000296	4.41606260769269	3.91998947954957	1.97986960969572	4.31761070877093	3.81575276847501
Unigene0000297	3.66611307813406	3.86127016919447	3.45225328197787	4.39842529414337	2.02799711458754
Unigene0000298	3.56699146495954	5.87651401485748	4.18040774185704	2.77210446358908	4.39596881460757
Unigene0000299	4.97127274620554	3.28575082079513	3.95211860337791	4.65856703314464	3.73278516168734
Unigene0000300	3.57236692099331	1.63198405120857	3.58620592792317	4.49426808542889	4.79662686870355
Unigene0000301	4.45004784152091	4.49855913112269	4.75752215053131	3.85671981677427	3.88269456811364
Unigene0000302	4.30676017110482	5.12329522406763	5.77195838262034	6.48580536148926	4.80428210234099
Unigene0000303	4.11761008426406	4.43347178468038	4.65874869497055	4.75135593721875	2.17141724960169
Unigene0000304	2.77080196649457	2.35718903252063	2.10215258127945	6.02906296877522	3.30543219087978
Unigene0000305	2.49674336476783	3.99048917379497	4.72877723115815	4.21225854649632	3.18763583012885
Unigene0000306	3.21570290938863	4.38104316698552	3.30593443702836	3.00088869457635	5.32925050082543
Unigene0000307	2.68540175536729	3.3291611219188	3.52591396948894	3.57107863326756	4.26819404961903
Unigene0000308	3.80697302066071	5.04628468002728	3.7980412664667	3.64236830892152	3.90716397064983
Unigene0000309	2.69182341762986	3.9259503522164	3.8456040139227	0.924775931065441	4.27011842080853
Unigene0000310	3.95472301329107	4.20188193092415	2.47168593979384	5.27891478894963	3.77181860515532
Unigene0000311	4.39108969415113	6.39877834863011	4.24611524225221	4.09380310327512	3.4677935701595
Unigene0000312	3.03302321964318	5.98092365935224	4.61858621378837	3.16774966035149	3.92325712733353
Unigene0000313	3.36596750781284	3.01611898797086	1.48309769823291	3.38929187462268	5.59359351980819
Unigene0000314	2.88544715702082	3.74613785457717	4.15872627526741	2.03191519738925	6.46192743088215
Unigene0000315	3.35824217615303	4.9182366904359	1.93802531664844	2.00087911402582	4.36572555028558
Unigene0000316	2.817588687178	4.09355149086753	4.58688846767633	4.37278659847567	2.67981144538662
Unigene0000317	5.45260376088208	2.61762177590575	4.50453636241788	4.18934459879938	2.09200840519605
Unigene0000318	3.4668436792649	4.71670144949255	3.61027144102294	3.40697151738036	3.64593952390601
Unigene0000319	2.9373270471791	4.45262867371669	3.76130927032329	4.17881083096005	5.27900901094806
Unigene0000320	5.08006254951021	4.79492385885148	3.20433453865088	4.13091855688343	4.93210208628305
Unigene0000321	2.58772687932687	1.5730777074981	3.9317553573867	3.89699533662307	3.65159324419472
Unigene0000322	4.05907498087993	3.72457040589021	3.86789640143081	3.90619451069676	3.25647107000636
Unigene0000323	6.10027057627108	4.67342224534311	3.36662337914698	3.40228854607181	4.76824216319148
Unigene0000324	3.64947295279608	2.47723198083382	3.38681803677239	5.3438669125804	5.02608474896918
Unigene0000325	2.81233444960763	4.27757523968316	5.99495830864682	6.48231668756849	4.65982829959873
Unigene0000326	4.52139571801726	5.4998611327449	3.15868129370676	4.3666809478219	4.59883191553677
Unigene0000327	3.9792454019616	3.64302429633332	4.83533130732411	3.13199820469793	3.63174239994626
Unigene0000328	2.51515792851094	5.33783021421443	5.87888623660454	4.62547604666091	5.71610506517951
Unigene0000329	4.80353404029044	6.08899376017023	5.73390092305319	4.86426181493114	4.70687062097582
Unigene0000330	4.6741422600622	5.36934067719298	4.84618794999634	3.82411094173213	4.6240431143146
Unigene0000331	5.81968455458853	2.70998554929123	4.10894871310485	2.39854686275499	4.10231342576084
Unigene0000332	4.60486805697599	4.29757501908164	4.44076056583109	4.40738573163323	4.45925285687801
Unigene0000333	3.46206945151781	4.76431265917415	4.15650187651017	4.67779183048284	3.02295999478563
Unigene0000334	4.72137048095719	3.90854680293298	6.25644576029708	7.30601408251152	5.41916441222288
Unigene0000335	3.78883491892006	3.0549625716021	2.69389063885884	4.20708481795774	3.84068940228274
Unigene0000336	5.70514008196349	4.05627145456131	3.54488478749915	3.3104428067507	4.61531673865571
Unigene0000337	5.33456756100678	3.45524082976385	4.01488053733327	3.9886571135754	2.75162321106223
Unigene0000338	6.08612740351177	4.23646768297135	2.95251847451971	5.05378403273174	3.61623101902963
Unigene0000339	4.18699839769053	4.93986341300856	4.45523842450077	3.38071332422366	3.26138909128702
Unigene0000340	4.05293021398126	2.08461589243962	4.36099645212729	4.83085464851247	3.97725736028577
Unigene0000341	6.87601667291385	5.09483632342351	3.31233634464009	5.15571759606607	3.38674527804544
Unigene0000342	3.76876948678086	2.96870941794675	2.00256545664026	3.76659152714663	4.26809054281133
Unigene0000343	4.13458692253444	3.33862357950247	4.82303518525818	4.28046285588328	4.27385451717513
Unigene0000344	4.89080948930518	4.40724616965092	5.21641756637243	3.72094702454731	4.03687018385621
Unigene0000345	4.27733348651587	3.45032435923622	4.80492198717984	3.4381639704122	4.56513225462964
Unigene0000346	2.86732512726634	3.03673826525536	2.3085222934887	5.99635519222867	5.19183732587199
Unigene0000347	4.17697575308509	2.88855573773965	3.31322205408263	3.69417343720639	3.77431976983288
Unigene0000348	2.74189223264697	4.78629378607519	2.97199324168599	4.9008385386657	2.21262357968579
Unigene0000349	4.3815271591415	5.2184011621097	3.53579187770181	3.43505549632362	4.6007877618389
Unigene0000350	4.38649421979833	4.226324088142	4.48057721237311	3.7748234271587	4.24205298201691
Unigene0000351	4.34607635559087	2.40075634052412	4.04933279641655	4.02442398306274	5.40266801884855
Unigene0000352	4.59832151658243	2.69584513607639	5.62760498246922	2.81108503849866	4.92945358710965
Unigene0000353	2.20998729535469	3.09080046716114	5.13494903836419	3.1025722481015	4.54919899869079
Unigene0000354	4.36651861742093	5.27993348524116	2.93730841148271	2.87728605218799	1.92629611227127
Unigene0000355	5.47842354780959	6.03688947879431	2.42636170189217	4.0351521809888	2.54661610458419
Unigene0000356	6.10203257351419	3.78425905457441	5.90288936732285	4.59148222247205	4.17887885883894
Unigene0000357	4.8081221865046	4.95941786017793	3.99551038631195	5.59574718233386	6.51882448830117
Unigene0000358	3.82733403870768	2.39221921805891	4.8083184721944	5.00814677126662	3.21147617107657
Unigene0000359	2.6192372383685	3.18537124020227	2.19759054423658	3.60258965963385	4.56953385164269
Unigene0000360	3.28656865926763	4.15512554752814	5.02859349410736	2.74634174112547	4.67108792086967
Unigene0000361	4.85850324038368	3.53973903971715	4.27860554636691	4.75861761775587	4.69488713298454
Unigene0000362	5.25208338295445	2.52651556639003	3.58330324667248	3.36219461548313	4.5367224627236
Unigene0000363	1.91064633840547	2.5378783349027	4.37246223333232	4.31479629941022	4.24713457961104
Unigene0000364	4.99541069070626	2.84611609286598	2.76879182451373	2.92536051864327	4.33746038228998
Unigene0000365	3.65388031324374	4.42844778096927	2.69274864525043	2.4570712953378	4.02236094300483
Unigene0000366	3.45273283907687	4.41846032645304	3.79060671115142	4.92825480887479	2.93746093528383
Unigene0000367	4.74462145412779	4.60263684082576	3.79283041532147	6.68398942230707	4.99366915569134
Unigene0000368	3.29033511512943	4.15050251434874	5.18587952729386	3.68095701947693	4.13937018612416
Unigene0000369	5.94011932677275	3.24754157092526	4.69220995939981	3.2637780440703	1.30164283141102
Unigene0000370	2.96307188898856	3.36155763348325	1.95074626822963	3.83890734300719	2.28145900434291
Unigene0000371	3.42843687658184	3.44873370417978	3.61733310793763	5.88530708758955	4.30977169848595
Unigene0000372	3.63894957003708	5.00024080520443	2.96521643875456	3.61232261121778	4.28145889051765
Unigene0000373	3.93632780811286	2.67657076679358	4.44860481006636	5.58781304359954	5.7002116944162
Unigene0000374	3.72164596739489	4.25393018793242	4.28468546624272	5.20298405354179	4.80182519343399
Unigene0000375	3.65988896966196	4.37441717434713	4.89965362497203	3.94513811433428	3.57501041450316
Unigene0000376	4.7770447584054	3.37538094769857	4.21208296758555	5.27105558681694	4.79991102282029
Unigene0000377	4.54733583649509	4.38124146967771	4.15912394921489	3.74564653022749	3.9291739623593
Unigene0000378	4.69080003172358	4.15053708355121	2.07757599672559	5.2720070651378	3.52651222489886
Unigene0000379	3.66524177378987	5.31616839082127	3.54105330102114	4.69494351246158	4.18118819749032
Unigene0000380	3.5242013293639	3.00306607760383	4.10903036317554	4.02320408266126	4.10524214245472
Unigene0000381	3.82366572241519	5.29007446277156	3.16324879836451	4.90945736331178	3.05788248984381
Unigene0000382	4.31922124343014	5.05171199477581	3.37666632700474	4.18562695404411	3.74660472973701
Unigene0000383	3.05750342870143	6.12693620128368	4.81161086903072	4.48172156639943	3.65721737649116
Unigene0000384	3.02110784734897	3.02757647262013	5.5918652140642	4.1596704462643	1.12943844096
Unigene0000385	2.60101789324181	4.19319900897379	4.00051566711948	2.04514500442915	4.11195522188556
Unigene0000386	4.31223875706688	4.75072295599683	3.911043720208	3.8306651359134	3.40126364303754
Unigene0000387	4.17143640624336	4.14963151092824	4.41634201284455	3.23705997397047	5.86201652143057
Unigene0000388	2.50033413028632	4.04253149583955	2.65912844654435	4.96388050807308	3.78431378713305
Unigene0000389	5.54572892261648	4.84531369449117	6.42064883260251	5.60391322201902	3.86389647057864
Unigene0000390	5.08323391936999	4.10297173018553	5.33558156261971	4.79335072352855	5.38542419615305
Unigene0000391	4.27819175222001	2.66565859280213	4.19240557672473	3.44645546825732	3.60209355809058
Unigene0000392	4.63236091954217	3.93700954959352	4.34597246933259	3.64581782534169	2.79914027729301
Unigene0000393	4.23520731969063	2.96555361051691	5.16542618551616	3.94894856588588	5.08948225395408
Unigene0000394	3.46536160733308	4.65232756779555	4.74802861049818	3.72346126804423	2.78352498660546
Unigene0000395	4.53641455253346	3.41785058380804	0.745678337504949	3.579055507097	4.57900781941724
Unigene0000396	2.50460966671968	3.94775367702414	5.90669975204576	4.05782797788531	4.10529752349076
Unigene0000397	3.22581871841037	4.4011848976772	3.1805744108456	3.39252868160614	3.33907798193167
Unigene0000398	2.38354820378873	3.09709869378904	4.87361538673192	4.22692970063686	5.17934660860404
Unigene0000399	3.76649966875587	2.7642673729378	3.83763195936684	3.75479962764075	3.65858621297427
Unigene0000400	4.44996107829691	4.37638231586489	3.99134875569075	6.5952844512053	4.23716051907319
Unigene0000401	4.293445290752	4.86656958498698	2.38676621878791	3.9081401414601	3.72977116702067
Unigene0000402	2.98848754128418	3.00203540907858	3.72249641595743	3.04269862026958	3.31827671284956
Unigene0000403	3.94660406158009	3.54892621195934	3.87697869650379	2.68938876290974	3.02948611307933
Unigene0000404	3.27579230607823	5.64623140748361	3.36068278060307	2.22453191216086	4.75844178891692
Unigene0000405	4.49657331874508	3.30162731428586	3.20478532189252	3.97338307187443	4.59705209152331
Unigene0000406	5.48751416514638	5.28711670061992	4.44086190455956	4.8865049344287	4.71064813969999
Unigene0000407	3.52188965698079	3.41102102925198	5.03045445103008	2.29800495696787	3.46049429866395
Unigene0000408	4.36719807263254	3.74409796178444	3.93047732679253	3.35141657725539	3.84428784716677
Unigene0000409	4.90750113655904	3.69848364369235	3.97640403812882	3.0401649001422	3.95356329739108
Unigene0000410	3.16604901439689	4.56314018498359	3.38429984040826	3.28822897250015	4.73205139063624
Unigene0000411	3.74776230427236	2.15851936648585	5.13565357937724	4.96229431352855	3.98355586350961
Unigene0000412	4.89121561031579	3.56874258884158	4.95518899431707	3.14577884615443	4.0281939674353
Unigene0000413	2.55519421439381	3.88856355614194	6.36927681876027	3.47523600918126	2.89990830876883
Unigene0000414	4.50465451144633	3.63735374497265	4.18806677858136	5.42454099266981	3.96265832582167
Unigene0000415	2.21591847438558	4.38858128663044	6.33529259326886	4.10815833916071	4.72362718041943
Unigene0000416	3.74956371496776	3.4598285412472	3.92980697231159	3.85624524050423	5.16675490049193
Unigene0000417	2.73965366808822	4.93584884759251	5.00312899007877	4.289320779017	2.12973966820602
Unigene0000418	4.53425387799231	3.56840675020738	3.50591891282707	3.40341049436896	2.58314877242613
Unigene0000419	4.71452973343671	4.49989568012086	2.52934221786131	4.54608786164677	1.68061987223357
Unigene0000420	5.88626013852131	4.77655408751858	2.46853013118764	4.83997564237336	3.2668088098899
Unigene0000421	3.0994916377563	5.16213628248247	3.7891912535764	3.98590068527656	4.20858208851853
Unigene0000422	4.44175229285267	5.28801358042998	3.87364912468255	3.54548854395695	4.03237643573933
Unigene0000423	3.90917765817096	3.36357806768123	3.59820219164588	4.09681524757032	4.63789323442706
Unigene0000424	4.38582469083065	4.7737570279444	3.29068643360283	3.70099414058108	3.09824592941511
Unigene0000425	4.72106248013984	2.99087734529005	2.38824841228854	4.49662720603057	4.04804454372789
Unigene0000426	3.69752142521304	4.84548898248097	4.48228304571772	4.21407012784591	4.69117948464175
Unigene0000427	4.31905240221183	6.39948884952243	3.59641687078098	5.20293265891267	4.58547616531618
Unigene0000428	5.59804890210195	4.47867649025871	3.01309462337179	4.36963856155474	3.01332642112513
Unigene0000429	2.72226511727909	2.71369110620412	5.1430801656855	5.53854546742631	4.89743844300207
Unigene0000430	4.87151751563159	1.95019431242792	3.91776662548662	3.74820839392745	4.34505410193208
Unigene0000431	5.10436574960845	3.15951906408894	2.56863056792684	3.62563742237995	2.72348728249742
Unigene0000432	5.05602650648386	3.6005978590549	5.36667577129962	4.32583204433911	2.10723660570843
Unigene0000433	2.9256291771597	5.07495081972992	2.617839792773	4.41131211680318	4.70536346131839
Unigene0000434	4.8742618711255	3.71001316629647	2.62474080478038	2.14172902177088	3.80311235679933
Unigene0000435	4.22834498031367	2.87652771667518	2.48839664539465	3.51026799786733	5.49672972880357
Unigene0000436	4.21772758038737	4.20286296587855	3.62053239094467	3.57691461317284	1.25982431610447
Unigene0000437	3.68060211007018	5.06757563906776	2.86418942671148	4.35885194986119	4.42625344157843
Unigene0000438	3.76191768499812	4.86906967538583	4.34114757998724	1.82596328344722	3.34980986127182
Unigene0000439	5.04980878441431	4.2220647366154	5.07657940093826	4.44798516485597	3.85404508765169
Unigene0000440	3.75339132057273	3.55736144809757	4.30435648355002	3.64268977987161	2.88081817681202
Unigene0000441	3.50628041199873	3.75724119885304	4.47365560382294	3.85797455521756	5.32535207324325
Unigene0000442	3.57185867411599	4.73990175399363	2.50828518007649	3.26555801534136	3.60733550608089
Unigene0000443	4.1812540992399	3.44251041683864	4.342412845802	3.03062458030963	3.46734408227261
Unigene0000444	4.04750759662258	3.38079195055233	3.69937024417764	3.36890340143253	4.24381167920881
Unigene0000445	4.22015511176958	4.47901421937591	3.47774311772605	3.90273983078662	4.61495737097404
Unigene0000446	3.16051420505046	3.19137341267712	4.92118805721233	4.64848435624698	2.73181143997138
Unigene0000447	3.90265345778134	3.38649814004425	5.07375653238856	4.38772211252673	1.44970255998054
Unigene0000448	4.76882427606189	3.76429056749294	3.24539952604608	3.70482500701952	4.09299307609197
Unigene0000449	3.05213727266541	1.85954763669987	3.28819496601798	4.69896390964652	6.67345411035157
Unigene0000450	4.22076927432435	3.26292147348334	3.66028556760295	3.67956247448076	4.67786997838286
Unigene0000451	3.39291737354991	3.21712653029179	2.65084901312232	5.10296110849711	3.81547983122934
Unigene0000452	3.81480634005928	4.66766184546473	3.82090512514626	3.80814239752531	5.37087186904367
Unigene0000453	4.58381913596729	4.2271699654465	3.31332228149962	5.48277120776944	5.02685319768837
Unigene0000454	4.101960069867	4.87993652134475	4.15610172361547	2.77301988557055	4.49420483852573
Unigene0000455	4.71275143480684	4.74472878128328	2.85233245664402	5.12248139871002	3.97208176226726
Unigene0000456	4.25358581166716	3.02056986126838	4.33111257808452	2.36514708891479	4.13624807260684
Unigene0000457	4.20411682397209	4.56780050734018	3.67919216522722	4.38952344946819	4.48809065484232
Unigene0000458	4.67744308373218	3.9919720443165	4.94856809063536	4.64441102049713	2.35574576564874
Unigene0000459	3.63318272532734	3.33874381951694	4.07979776512353	3.78826670827464	3.48048600937448
Unigene0000460	3.60312698130523	3.99358057566934	4.94248542611894	3.33955447384391	4.0850621075488
Unigene0000461	4.80345237404864	5.55907768578769	2.49023852224809	4.88756815633806	2.69338595664193
Unigene0000462	3.90020059009878	4.53493541136157	4.49651389168808	4.5257818625984	3.38237790608091
Unigene0000463	4.59727673093741	3.92720051134626	2.82012484339396	3.10878342405206	2.56624121549889
Unigene0000464	4.49138304585938	3.92196612703913	5.08642425405425	3.45976763708952	4.99679002898712
Unigene0000465	3.82667703004003	3.88766749345171	5.49627781505745	4.05347495088406	5.12838735387987
Unigene0000466	3.2509035948301	4.47660403765753	4.14787212501376	3.06222939120046	3.47476340185326
Unigene0000467	3.90331562616475	4.42375009965678	1.29552741498859	5.04390384485546	3.49153574354021
Unigene0000468	4.66633219239795	4.18479766100993	4.8806648622279	4.10669668544894	4.61575132029157
Unigene0000469	3.5404559819276	5.24351358635483	3.52900075642931	4.09769350928194	3.2076186916794
Unigene0000470	2.63289635799947	5.71867204736712	3.95615833832752	4.68822471514692	4.11920996778221
Unigene0000471	1.98270479727106	3.38198606142314	4.4533785086213	4.49693907201767	3.81748138135341
Unigene0000472	2.69076945824773	4.97734726011243	2.44697501807521	2.79810862761317	3.85688660939639
Unigene0000473	3.03436016043551	4.57262822124529	2.58107388501189	5.43270764428353	4.08859696706843
Unigene0000474	4.45836236136727	3.25009167131159	3.86776635965767	1.21183815803699	2.25688957260516
Unigene0000475	3.22061497113596	3.13551741521356	3.88651564474689	3.96048801923551	3.09048118325902
Unigene0000476	2.83273207266386	5.39640318421583	4.02270829356765	2.20637437176719	5.84751842323318
Unigene0000477	4.62358608828103	2.27999794367487	4.28338605388561	4.41644582252278	2.47701893891687
Unigene0000478	4.72807123079356	6.37703165575636	3.40127316257447	3.39342538341305	5.24731587460066
Unigene0000479	3.17746638813571	3.1177246307677	5.05391906926957	4.67843798134964	3.65139446678296
Unigene0000480	4.24838420381475	4.81931521983506	4.74990343143349	4.15487749563432	5.37179012340478
Unigene0000481	3.7346359224299	5.67925691836043	3.93186858172167	6.50217926606026	4.88927027574218
Unigene0000482	4.66529238975724	3.57692478581217	5.2800713467906	1.8955467830196	3.16665315555805
Unigene0000483	4.21381877661405	4.77013986820454	4.42040152306824	3.50044539292004	3.66175553914512
Unigene0000484	3.06430809098792	2.20438708733128	2.69424205717716	4.33497663699344	1.19746065317174
Unigene0000485	3.3782199820979	3.0207920830075	4.18967493988871	2.99841788259141	3.50736361356733
Unigene0000486	3.6844573800643	4.3495893674995	4.83723041623634	3.93499910991742	4.17204678186032
Unigene0000487	2.85451948983685	3.97725713049468	6.97078987000727	5.0498615645081	5.06509199969359
Unigene0000488	4.11269979172415	3.93657989997074	4.30397498976757	3.8519114294633	4.73139552499823
Unigene0000489	3.62643632005866	3.62314969963935	4.04781500760862	2.71096179615802	4.29727854071269
Unigene0000490	4.41404256864295	3.96232825379041	4.19228536900271	3.28679265901012	3.12228735007995
Unigene0000491	4.68087971606454	5.40289943262043	4.65068261778432	4.06453813895662	2.75386969400726
Unigene0000492	4.82690943356105	4.93278275289896	3.69196048005428	4.80400990655573	4.02981497982535
Unigene0000493	3.52898169806296	4.21496737458063	4.83102843259559	5.7974104392618	4.8526384176142
Unigene0000494	5.0748619457779	4.82835657450113	5.3506500971597	5.09250132368211	2.85706182278886
Unigene0000495	3.98397729688551	4.37268916427458	3.13066743063648	4.14676794408566	3.19939515741194
Unigene0000496	4.78598908794635	3.54328252700035	4.78028844074228	5.87072093053514	6.13008466202636
Unigene0000497	2.12992740221974	4.34431064882197	3.19129404540691	4.85260122185514	2.59000096858035
Unigene0000498	3.89356043566137	5.48179939720767	4.24824233917957	3.89848669232351	3.6038540854143
Unigene0000499	4.22592307785686	2.21383566270865	2.66068011791945	2.17073231103352	4.87705103250818
