ID	sample-1_rpkm	sample-2_rpkm	sample-3_rpkm	sample-4_rpkm	sample-5_rpkm	group
Unigene0000001	5.068122314	4.926763973	2.676197999	3.70488634	5.074641263	group1
Unigene0000002	4.282392188	3.274022408	4.782070137	2.48994623	7.00377947	group1
Unigene0000003	4.697520237	4.950613806	3.233073977	4.671410606	2.95433781	group1
Unigene0000004	3.496750281	3.600983828	2.658702567	3.295346542	3.28959231	group1
Unigene0000005	4.481355626	4.125430388	4.955895586	2.765673395	3.952042533	group1
Unigene0000006	5.924376473	4.825233007	3.217377635	5.119144436	4.906796009	group1
Unigene0000007	4.559261826	4.79592541	3.910368443	4.465106671	4.71914547	group1
Unigene0000008	3.408289567	4.471836347	4.033467102	3.482534443	3.969260928	group1
Unigene0000009	4.584628838	3.398180533	2.568306351	3.817690271	4.657896352	group1
Unigene0000010	6.222161691	2.963251117	4.385449856	3.26212271	3.765263686	group1
Unigene0000011	5.014646695	4.047600205	5.485469988	5.20065495	6.795750608	group1
Unigene0000012	5.087374782	4.337780128	4.780279609	4.093216023	3.508508474	group1
Unigene0000013	3.351865957	3.471067313	6.09791945	4.399425826	4.873047161	group1
Unigene0000014	5.517276168	1.670482077	4.144913279	4.408645866	4.318454022	group1
Unigene0000015	4.405821697	3.640623303	3.910259177	2.477176511	3.815849127	group1
Unigene0000016	4.201444756	4.86279938	5.140479526	4.649334094	3.343755962	group1
Unigene0000017	3.83584495	2.75720176	4.600831183	4.618728842	2.751067096	group1
Unigene0000018	2.532409462	3.627249424	4.140478399	3.830457988	3.17336154	group1
Unigene0000019	5.959014886	4.653285888	3.658446994	5.433758425	4.775005672	group1
Unigene0000020	4.709317666	5.007614923	4.016021467	2.415801264	3.833209496	group1
Unigene0000021	4.178760544	4.651228044	4.227472211	4.651765268	4.064079411	group1
Unigene0000022	3.947705767	3.46959913	4.540063178	3.244911608	4.616878414	group1
Unigene0000023	4.223889915	4.376771839	4.337658236	6.006544261	3.584578504	group1
Unigene0000024	5.195981115	4.521321786	2.922639141	3.679891301	5.13748896	group1
Unigene0000025	2.307573685	2.376318332	2.42630729	4.290520269	5.30767742	group1
Unigene0000026	4.375733814	3.485652048	4.075195182	5.067506793	6.658266366	group1
Unigene0000027	3.341823282	4.156760516	3.845269588	3.53755191	4.504267413	group1
Unigene0000028	4.394730085	0.973253727	6.896354647	4.834780042	4.898915675	group1
Unigene0000029	3.160562504	3.892495923	3.929017171	4.683742101	3.513059934	group1
Unigene0000030	4.759314884	2.381139003	5.176939989	3.825454459	3.850926666	group1
Unigene0000031	4.608829204	2.84280979	4.701513243	1.971040976	3.257365341	group1
Unigene0000032	2.658902105	4.57278409	5.467306261	4.421985106	5.063913758	group1
Unigene0000033	3.810574427	3.010765903	2.498594538	2.946805107	3.400204706	group1
Unigene0000034	4.03405017	2.835511582	5.552021428	4.282558402	6.634459766	group1
Unigene0000035	4.039947933	3.566829942	5.196162055	4.917097367	3.055579721	group1
Unigene0000036	3.187311845	4.423260894	3.264628571	4.489840373	3.390832348	group1
Unigene0000037	5.992205217	4.877033447	3.122135509	5.768532505	5.423706667	group1
Unigene0000038	2.244404577	4.248251828	3.15902328	3.404911498	4.207611362	group1
Unigene0000039	6.302706738	2.506337915	3.263437122	5.331835899	1.81682969	group1
Unigene0000040	1.647050939	4.029221853	3.711608883	3.961626786	4.198515213	group1
Unigene0000041	2.505474712	4.476451037	4.155840853	3.862100693	3.06081511	group1
Unigene0000042	3.843044733	3.692190005	3.123621415	2.679538017	3.70855469	group1
Unigene0000043	5.423432949	5.041318544	3.452519866	2.366311726	3.976349423	group1
Unigene0000044	2.970441212	3.622165317	4.341397561	4.450876857	4.682199772	group1
Unigene0000045	2.392561106	4.375428952	4.035364686	5.256416203	3.424903505	group1
Unigene0000046	3.385411749	3.987092789	4.252834056	2.836408946	2.256346265	group1
Unigene0000047	4.262435397	5.320845629	4.439320139	3.880428319	6.586060941	group1
Unigene0000048	6.144524929	3.921022958	4.105166982	4.342842712	3.075944393	group1
Unigene0000049	5.245639544	3.765239962	2.992133914	5.335042314	5.267952468	group1
Unigene0000050	4.646963252	4.24726294	3.978636023	3.521346625	4.951879068	group1
Unigene0000051	3.717524588	4.234779307	5.750954396	3.717740029	3.094985874	group1
Unigene0000052	5.817980923	3.400744687	3.862585944	4.209482833	3.799754623	group1
Unigene0000053	5.293454763	4.820479376	3.512523663	3.974322559	4.671825371	group1
Unigene0000054	5.290380307	4.596623067	3.96532661	4.219443498	3.858465532	group1
Unigene0000055	3.687096984	3.478515739	3.033162975	4.392879507	3.705129028	group1
Unigene0000056	4.858003914	3.463491259	3.503768674	5.386686635	3.843071607	group1
Unigene0000057	3.361253385	5.570628196	5.520439909	4.6349928	3.638424196	group1
Unigene0000058	4.231678616	3.69691434	3.036907087	5.682878343	4.46995769	group1
Unigene0000059	4.453685112	4.777602152	3.887119388	4.577338817	4.183051634	group1
Unigene0000060	3.815715404	5.193473316	6.235933972	2.368237124	4.154227501	group1
Unigene0000061	4.637687427	3.370463838	4.079994027	1.813146273	6.070927956	group1
Unigene0000062	4.947659856	4.530320293	3.319856905	6.361947839	5.032748231	group1
Unigene0000063	3.039741217	5.139399307	4.054120948	4.016756581	5.61153984	group1
Unigene0000064	3.729920206	5.639811416	3.571175383	3.406460296	4.544806358	group1
Unigene0000065	4.248292295	4.264526681	2.526797464	3.330762393	4.207674236	group1
Unigene0000066	5.095387032	3.416649063	1.815467562	5.579203398	4.386540571	group1
Unigene0000067	5.320975414	3.405723669	2.027747633	4.260382333	4.94253517	group1
Unigene0000068	1.779083795	2.697676894	4.259388892	4.438789924	3.453474086	group1
Unigene0000069	4.594043848	3.198130395	4.875313898	4.668579964	4.388510482	group1
Unigene0000070	3.965825592	5.193966125	4.270748172	3.395743481	4.446835268	group1
Unigene0000071	3.986397826	2.932360713	2.837546315	1.770376148	3.761347095	group1
Unigene0000072	4.609502701	6.743101407	2.558733784	5.222510905	4.254289699	group1
Unigene0000073	2.313425632	2.627263972	2.687594302	4.858065884	3.67689356	group1
Unigene0000074	4.468073328	3.919430815	2.299444739	5.116641443	3.825381424	group1
Unigene0000075	3.710296927	5.135753031	3.660335912	3.98826467	3.721841292	group1
Unigene0000076	3.023978429	5.400082726	2.571635528	3.404389817	3.491561234	group1
Unigene0000077	4.362923911	3.258760075	2.851281512	5.498232904	2.955755029	group1
Unigene0000078	2.522237193	2.877866504	2.865672812	3.638286269	4.338009789	group1
Unigene0000079	4.066853934	2.879021247	3.624571389	4.237746226	3.799670212	group1
Unigene0000080	4.825487032	3.433787277	6.346809512	4.602378942	4.709950993	group1
Unigene0000081	4.248701607	5.386623676	4.085884883	3.844445	5.502590606	group1
Unigene0000082	4.776839415	4.1029762	3.634524834	3.150421675	4.035103491	group1
Unigene0000083	2.798304648	3.0948216	5.5746108	3.588973035	2.299200263	group1
Unigene0000084	5.435435796	4.854927148	5.17859975	5.112463997	4.768899396	group1
Unigene0000085	2.92524146	3.510887383	3.15683316	4.677199106	4.54889221	group1
Unigene0000086	2.570340477	4.141131062	3.349245702	4.388292866	5.315702126	group1
Unigene0000087	4.787768625	2.529494827	3.921656982	2.785645219	3.744855149	group1
Unigene0000088	4.652819504	4.327472757	4.29008405	4.061863178	3.875655356	group1
Unigene0000089	3.770938057	2.682134593	4.99071602	2.18769881	3.559220787	group1
Unigene0000090	5.716321409	3.68919829	4.763464814	3.774757719	4.219537696	group1
Unigene0000091	3.781522412	3.5871467	4.575569519	5.547976705	3.698736231	group1
Unigene0000092	6.197295049	3.545956405	4.849259781	4.198033847	5.124030267	group1
Unigene0000093	2.800346712	4.079426149	2.554140532	3.018699754	3.110938504	group1
Unigene0000094	3.444154661	7.112454319	4.372319957	2.327510167	3.355133018	group1
Unigene0000095	3.511120652	5.831790782	5.332345828	4.651906602	3.738474219	group1
Unigene0000096	3.99170072	3.647339317	6.336927926	3.212527398	3.975827132	group1
Unigene0000097	5.683206519	4.09058306	1.966648578	3.669041679	5.028406857	group1
Unigene0000098	5.039854004	2.401790892	6.417089876	3.721891812	4.699574446	group1
Unigene0000099	4.147191293	4.558628441	3.799970926	5.693514983	3.678150204	group1
Unigene0000100	3.491586751	4.093600889	4.841912485	2.701257323	5.241412026	group1
Unigene0000101	3.16950661	5.832946017	3.633539411	4.387198712	4.549754416	group1
Unigene0000102	2.784326328	4.160846887	2.807238151	2.976752132	2.591232086	group1
Unigene0000103	5.967582567	3.94684946	2.48080134	1.604034349	2.516803092	group1
Unigene0000104	3.046860351	4.235818501	3.797766722	4.536982958	5.526823646	group1
Unigene0000105	4.087971854	3.919256076	5.448281316	3.425053629	4.439692128	group1
Unigene0000106	4.59360648	5.522210652	4.47218531	3.875086301	4.391689918	group1
Unigene0000107	4.064121875	3.833610765	3.025890294	2.792826507	4.325602266	group1
Unigene0000108	3.885760108	3.808760822	2.346910977	1.551160723	5.922936108	group1
Unigene0000109	4.336664184	5.011015478	3.36524422	3.653834012	3.232598507	group1
Unigene0000110	5.327936759	3.62009955	3.802783629	4.392626392	3.639702437	group1
Unigene0000111	3.60201786	5.064023934	3.661181625	3.55314111	5.79467335	group1
Unigene0000112	3.852471886	2.214567578	3.798111213	4.40330468	4.797111024	group1
Unigene0000113	3.74629213	3.694153065	4.997288193	4.458954069	3.905204899	group1
Unigene0000114	4.360380909	3.706411385	4.410205618	4.35957937	3.021280183	group1
Unigene0000115	3.737583045	5.570129333	2.581595365	3.43619909	4.444384726	group1
Unigene0000116	2.284122628	4.090530922	4.369132642	6.046849908	2.496694478	group1
Unigene0000117	2.770201074	2.753916702	4.209746717	5.170747978	4.966322846	group1
Unigene0000118	3.317911334	5.670722898	2.173769852	5.052959321	3.502082998	group1
Unigene0000119	3.966979823	5.517697193	5.609279312	5.274455309	4.243817112	group1
Unigene0000120	2.344921767	3.609164699	4.483707789	1.739527054	6.531200604	group1
Unigene0000121	2.59316907	0.859201991	4.501143876	3.597286219	3.922686983	group1
Unigene0000122	4.753820842	3.444497535	2.821681448	4.285346159	3.733247312	group1
Unigene0000123	2.944624126	2.91218919	5.424473054	3.77384827	3.912413886	group1
Unigene0000124	2.673933994	4.830644794	3.165925366	5.23338312	2.778930745	group1
Unigene0000125	3.202099965	4.557834823	2.06030661	4.251773068	4.906547898	group1
Unigene0000126	4.391330989	4.27904111	3.707801267	3.001161643	3.545623335	group1
Unigene0000127	4.615392814	3.532978317	4.925782094	3.277629339	3.202583355	group1
Unigene0000128	5.985771316	4.821295344	5.683749723	4.24136132	3.793784328	group1
Unigene0000129	4.008331182	4.107829641	2.953390808	3.315385167	3.91237064	group1
Unigene0000130	5.445306324	2.138743954	6.411782799	3.802828886	4.215217791	group1
Unigene0000131	3.249624664	2.632609433	4.279291693	3.250955832	4.697847303	group1
Unigene0000132	5.525448843	5.062586191	3.85808113	4.121375246	3.923800581	group1
Unigene0000133	3.840287377	4.711419547	5.850507006	2.014230886	4.754575447	group1
Unigene0000134	3.726024906	3.126141366	3.442488748	5.261244975	4.626208645	group1
Unigene0000135	5.692030611	3.069267213	2.722402953	4.305279388	2.812608863	group1
Unigene0000136	2.933066838	3.513215715	4.212776156	4.345008498	5.804044091	group1
Unigene0000137	5.914740762	3.515131448	2.140243799	3.380721962	2.670257239	group1
Unigene0000138	5.467872683	4.6778105	3.848541848	3.669899795	5.183393032	group1
Unigene0000139	5.679653828	4.526626567	3.521307788	4.834747469	3.631457577	group1
Unigene0000140	4.708032159	2.823119959	3.894217622	6.440996206	6.390758576	group1
Unigene0000141	4.31649314	2.932193494	4.317680839	4.234486243	5.578195232	group1
Unigene0000142	4.692846226	3.195049698	2.687464407	3.456665899	3.138719635	group1
Unigene0000143	5.732439188	5.493800142	5.373153634	4.988920336	5.629677984	group1
Unigene0000144	3.917683294	3.169044157	4.153545247	4.396214513	3.487650513	group1
Unigene0000145	3.336547894	3.076103637	3.77265665	4.130990497	5.6110971	group1
Unigene0000146	4.249265427	4.892504586	6.777188638	3.213946993	2.872378338	group1
Unigene0000147	5.218997813	3.660355319	4.146738749	4.951058592	3.335301508	group1
Unigene0000148	4.288211529	4.174309648	4.203939727	2.901926145	2.081484435	group1
Unigene0000149	3.221387185	5.15126931	4.354655941	3.459600414	2.532586008	group1
Unigene0000150	3.675281478	2.99810122	3.111023371	1.80086716	2.289155645	group1
Unigene0000151	4.133226488	5.1474265	3.898312268	4.799490637	2.57124856	group1
Unigene0000152	3.873204672	4.117692268	4.882764186	4.874153673	5.954779995	group1
Unigene0000153	3.883589861	4.372431203	4.300229822	7.150547223	3.67103454	group1
Unigene0000154	5.07111635	4.506441067	4.588087436	5.406878341	4.459490782	group1
Unigene0000155	7.029275072	5.397369263	4.327223849	2.236944782	5.116337739	group1
Unigene0000156	3.632294769	3.668688065	2.636162556	4.220481833	3.282810852	group1
Unigene0000157	4.703763937	3.067581933	4.696868738	3.612337004	3.662529696	group1
Unigene0000158	4.010613927	2.316275247	3.328849991	3.789394039	4.232486712	group1
Unigene0000159	2.966606182	4.535833802	5.292365396	2.443192402	3.420114913	group1
Unigene0000160	4.35731468	3.97975698	4.116341279	3.549793463	3.972168689	group1
Unigene0000161	2.736544537	2.663749158	4.97668634	4.503395166	4.89897033	group1
Unigene0000162	3.518229234	4.473742798	4.444573477	3.077677721	5.046942049	group1
Unigene0000163	4.793743947	3.023056239	3.618300002	5.22406209	3.461256653	group1
Unigene0000164	4.992724292	6.111963039	4.312495195	3.613787791	6.649186915	group1
Unigene0000165	3.056330868	4.126660624	4.22921096	3.399780458	4.187024132	group1
Unigene0000166	4.636421937	4.438446632	5.007686101	3.3973431	2.275144061	group1
Unigene0000167	5.007088443	4.742131417	5.566962645	3.174035802	3.611228312	group1
Unigene0000168	3.202894522	2.579888527	4.582681714	4.062869314	3.402054811	group1
Unigene0000169	3.557758162	3.708477695	2.648727462	2.46122526	4.553254643	group1
Unigene0000170	4.784266396	3.769010747	4.623173595	2.997392839	5.463088709	group1
Unigene0000171	3.025948856	2.766261052	2.656789807	4.537797653	3.780324908	group1
Unigene0000172	3.656564659	4.597545442	4.155709024	2.207909893	3.862520057	group1
Unigene0000173	3.406136597	3.779896869	2.781418699	2.776495049	3.55426609	group1
Unigene0000174	5.285685896	3.58982899	3.101184565	4.306616857	4.406527495	group1
Unigene0000175	2.348497705	3.577311214	5.192159486	6.039934646	3.024784768	group1
Unigene0000176	3.22100589	6.596241718	3.738417074	5.510525886	5.745768662	group1
Unigene0000177	0.235538223	3.696429105	5.476844089	5.882480998	3.587673427	group1
Unigene0000178	3.096032131	5.449862984	6.339977828	3.231512298	5.63162068	group1
Unigene0000179	2.724875854	3.495993308	5.865746211	4.210328482	3.673065049	group1
Unigene0000180	1.786862926	3.699209192	5.367131378	4.538198596	5.118065134	group1
Unigene0000181	4.635919911	2.05012371	3.342186582	3.374046226	4.085578526	group1
Unigene0000182	2.895257606	2.549081499	4.35900091	3.842418544	3.81709895	group1
Unigene0000183	3.199094222	2.710052149	4.915610128	4.187939279	4.670114255	group1
Unigene0000184	1.901235747	5.389174804	3.37027904	4.628359396	4.447414132	group1
Unigene0000185	6.03182213	2.505716639	3.241801264	4.872156664	4.482534539	group1
Unigene0000186	4.503610161	3.643633354	1.84928167	1.199397897	2.264727354	group1
Unigene0000187	3.093272904	3.391542948	4.359220188	4.554521534	5.327681158	group1
Unigene0000188	5.2427748	3.505511899	3.467299972	3.903730331	4.198945137	group1
Unigene0000189	6.476098677	4.253715476	3.599767435	3.05021151	3.308952403	group1
Unigene0000190	3.893890853	3.662906541	4.923924098	4.611057958	5.341245862	group1
Unigene0000191	5.662221143	3.913317373	3.019040865	4.885273669	3.255690796	group1
Unigene0000192	4.523304953	4.054248563	5.412009948	4.216158158	2.602896265	group1
Unigene0000193	4.748798185	2.913514884	2.621115094	3.573026724	3.003691774	group1
Unigene0000194	4.152474081	2.953593364	3.319564818	3.669720741	5.201339142	group1
Unigene0000195	4.024448182	3.4068878	4.58933904	4.583177379	5.756648505	group1
Unigene0000196	3.075100148	2.9757045	3.169364669	4.464549536	2.959850668	group1
Unigene0000197	3.091119787	3.541127283	4.584112216	3.793300587	4.559670991	group1
Unigene0000198	4.233016966	3.514907349	4.717411621	3.075702869	4.23490102	group1
Unigene0000199	4.217824263	5.225365247	4.717141484	4.311319484	5.354538777	group1
Unigene0000200	5.768966122	1.953420023	2.342215532	3.104585023	5.011460882	group1
Unigene0000201	2.896478752	3.59731595	2.877532429	4.858995759	4.733921294	group1
Unigene0000202	4.552942074	5.107863336	5.021909345	2.538248732	5.142436758	group1
Unigene0000203	4.251783079	5.634560632	3.556163567	3.160501524	2.494447275	group1
Unigene0000204	5.078616378	2.142384789	3.467583159	2.330121288	3.206608304	group1
Unigene0000205	4.978702436	3.233336649	3.588754228	5.126685267	4.074178454	group1
Unigene0000206	3.996514612	3.276471507	3.111441099	3.36641024	4.152516536	group1
Unigene0000207	4.025531285	4.627028824	1.806654254	4.201367862	4.129683536	group1
Unigene0000208	3.964477171	5.0090298	3.583349088	2.773277535	5.650296435	group1
Unigene0000209	4.722497464	3.815290814	4.97625407	4.744793732	4.575407221	group1
Unigene0000210	4.337362554	3.300809373	4.645098695	3.453392869	3.705341611	group1
Unigene0000211	4.664656369	4.237897853	4.782048528	4.397510309	4.434287907	group1
Unigene0000212	2.35964139	6.61886751	5.533910888	2.625587082	4.431818581	group1
Unigene0000213	4.484284233	3.918339242	4.808919197	4.112221746	4.575337961	group1
Unigene0000214	3.966386068	3.665202788	4.854597544	2.249916414	3.928493748	group1
Unigene0000215	1.450640056	3.223065251	3.466421917	4.246733462	5.259328931	group1
Unigene0000216	4.843589722	3.651675187	4.545124445	5.389427853	4.874831568	group1
Unigene0000217	4.371735256	5.443733292	1.836409144	4.274328781	4.529661484	group1
Unigene0000218	4.510602484	4.31150536	4.463241236	5.884551479	1.535154507	group1
Unigene0000219	5.273108012	3.585648841	3.005860468	3.977929998	5.335326898	group1
Unigene0000220	3.866321847	3.167730008	3.502298685	4.095401012	5.55010932	group1
Unigene0000221	4.20254264	4.757616114	4.524623881	5.413669126	4.002201503	group1
Unigene0000222	2.464181353	4.943447875	6.065809976	3.383488225	3.658398991	group1
Unigene0000223	6.449360285	4.486124221	4.538667502	4.729111406	2.775376285	group1
Unigene0000224	4.64567928	4.019229253	3.28546959	5.497514886	5.394356954	group1
Unigene0000225	4.049825978	4.127211562	2.998498024	4.655925414	1.66147146	group1
Unigene0000226	4.521984319	3.312771331	6.247468518	2.944005779	4.007285174	group1
Unigene0000227	4.891930832	3.60185176	2.258592249	3.941616769	4.380133545	group1
Unigene0000228	4.192780576	3.585515294	4.841806341	3.632354278	3.905354031	group1
Unigene0000229	4.063449554	3.543423155	3.09443411	3.972401095	2.96862337	group1
Unigene0000230	4.503399893	3.916739063	3.941220361	3.77574548	2.640906028	group1
Unigene0000231	4.865432439	4.59519133	4.969093099	3.05408528	4.300434705	group1
Unigene0000232	3.965117528	3.317122171	5.124515349	1.436833906	5.254208282	group1
Unigene0000233	4.24660336	3.944044159	2.456886235	3.681231502	3.70163755	group1
Unigene0000234	3.625080887	3.538350174	4.500864098	2.238723073	5.142219462	group1
Unigene0000235	3.672786142	2.424571601	3.512880078	2.496638064	2.552532317	group1
Unigene0000236	3.699302436	4.934896434	4.853501577	3.982903936	5.270705727	group1
Unigene0000237	4.595116567	4.780286364	5.02087292	4.030763572	2.831617164	group1
Unigene0000238	5.161192013	5.558688622	2.963380649	3.49166791	3.191168722	group1
Unigene0000239	4.101865513	4.389652975	3.505115496	6.471884322	3.619185391	group1
Unigene0000240	5.740539208	5.264095203	3.779315569	3.789085735	2.782900746	group1
Unigene0000241	3.750924686	4.244546228	4.261932892	3.997095343	3.625476985	group1
Unigene0000242	4.416921815	4.128957381	4.621563172	3.838982792	4.192749861	group1
Unigene0000243	3.477162779	3.114788602	3.22371108	4.53225522	3.77727127	group1
Unigene0000244	4.574666376	3.204473028	1.453169177	3.394744002	4.982020774	group1
Unigene0000245	1.862457171	4.574242603	4.503561141	3.711009027	3.025791448	group1
Unigene0000246	3.665690081	4.618860206	4.216958531	3.875364212	4.201215849	group1
Unigene0000247	4.072798728	4.648194642	5.178339034	3.610225934	3.983798167	group1
Unigene0000248	5.449055349	2.212356432	4.588777153	3.859265351	4.719557183	group1
Unigene0000249	3.697281108	2.79725066	3.339321961	4.125746557	2.141161646	group1
Unigene0000250	3.151418487	3.549614637	3.121672012	4.100232319	2.417852409	group1
Unigene0000251	4.402846071	3.28372981	4.15090371	5.958684702	2.184384973	group1
Unigene0000252	3.74130557	2.240996878	3.805510315	2.074125997	2.489803813	group1
Unigene0000253	3.830476863	2.548472819	2.50251576	5.115396227	3.253729114	group1
Unigene0000254	3.298544881	4.186688415	4.854106182	2.804531292	4.934964309	group1
Unigene0000255	4.405766654	5.055735151	2.391139537	4.344297188	3.936395956	group1
Unigene0000256	4.391183197	5.366495278	4.246180928	4.024450545	3.467911278	group1
Unigene0000257	4.629629066	2.111486111	2.81703145	4.267181761	3.645418012	group1
Unigene0000258	2.641603861	2.118006275	4.38441531	5.597878823	3.555990638	group1
Unigene0000259	4.65639607	4.525371337	3.753128652	2.868790548	5.092597492	group1
Unigene0000260	3.571920124	4.622464666	4.698012887	3.439227235	2.999926516	group1
Unigene0000261	3.408244262	3.088408166	3.490223642	2.871549363	4.610067906	group1
Unigene0000262	4.555699606	4.223955577	4.607158461	5.249721839	4.032620845	group1
Unigene0000263	5.099144189	3.063258929	2.517261173	3.806779363	5.328676178	group1
Unigene0000264	3.277429962	3.872298166	6.259652395	3.984221856	4.794909349	group1
Unigene0000265	4.307970702	1.883965824	4.921037366	3.048585171	4.279857315	group1
Unigene0000266	4.484018161	2.59475345	4.368413874	6.432410478	5.731698005	group1
Unigene0000267	7.117922724	4.425669342	4.382997454	5.512196819	1.513542653	group1
Unigene0000268	5.434839686	5.887735957	3.425422374	4.825971542	4.23049738	group1
Unigene0000269	3.432805253	3.113402905	1.950991088	4.265484656	5.187799969	group1
Unigene0000270	3.945036896	2.939345312	2.654400129	3.417720844	3.199921306	group1
Unigene0000271	2.798675309	4.436624678	4.830839954	1.695573144	2.181494984	group1
Unigene0000272	3.95903225	3.193138459	3.821910874	6.848727585	2.042894957	group1
Unigene0000273	2.870162549	7.491926476	4.869040806	3.550849204	3.104548905	group1
Unigene0000274	4.282547512	3.953193176	2.34508101	3.359481322	3.351079151	group1
Unigene0000275	3.29632658	3.557557501	3.895097371	3.371561408	3.585013646	group1
Unigene0000276	5.958178395	4.119089286	4.99155545	4.627077123	3.787735984	group1
Unigene0000277	3.526909282	5.939713369	4.869658751	4.879890998	2.988239108	group1
Unigene0000278	4.435831626	5.52895769	4.07181031	3.318146881	2.489298759	group1
Unigene0000279	4.076523876	5.148933226	4.596627402	3.700662689	5.073517762	group1
Unigene0000280	1.531796581	4.198311263	4.910501044	4.502381132	4.406793252	group1
Unigene0000281	3.189988586	3.704165833	2.33025977	3.481105705	2.507961784	group1
Unigene0000282	4.286122297	3.947377094	3.283304739	2.215688114	4.003975015	group1
Unigene0000283	4.9999662	2.557584374	6.132046962	2.721666831	3.715249164	group1
Unigene0000284	2.42111191	5.403055116	4.150322655	4.224766293	3.260787766	group1
Unigene0000285	4.470335577	4.968814254	5.517442191	2.902981878	5.017972488	group1
Unigene0000286	3.835108913	4.528187704	5.160086569	4.41021241	3.583387803	group1
Unigene0000287	5.576014393	3.063090914	4.874178738	4.855084654	4.437125229	group1
Unigene0000288	4.33256073	3.57609156	4.469126417	3.080843408	4.286443652	group1
Unigene0000289	3.751189058	2.849356812	4.003507688	2.077998019	3.028461765	group1
Unigene0000290	4.584552665	4.127425277	4.265429437	3.152980215	3.53737948	group1
Unigene0000291	2.781893087	3.021038173	4.472092227	2.917867032	4.667323731	group1
Unigene0000292	3.804498868	2.749250466	4.138433062	3.433108519	2.62446194	group1
Unigene0000293	5.450198665	2.979843945	4.62560437	2.661129715	5.099191001	group1
Unigene0000294	3.975160524	2.675762449	3.471991088	3.69603359	3.968967034	group1
Unigene0000295	3.648520797	5.150255933	4.502994163	3.283938476	4.570342336	group1
Unigene0000296	1.842942062	5.16369058	5.125925108	3.85705745	4.416062608	group1
Unigene0000297	5.320872399	2.239439684	6.099851869	5.938631267	3.666113078	group1
Unigene0000298	3.527554139	2.641120896	5.325883677	3.597877673	3.566991465	group1
Unigene0000299	3.526530375	4.794612824	5.015323891	3.158431078	4.971272746	group1
Unigene0000300	3.86451546	4.073851273	4.298443696	3.808105773	3.572366921	group1
Unigene0000301	4.027194641	3.814918584	4.072659785	5.16600554	4.450047842	group1
Unigene0000302	5.860609921	6.496173523	4.84642862	4.847879177	4.306760171	group1
Unigene0000303	4.767830507	1.92073853	1.339321926	4.243205508	4.117610084	group1
Unigene0000304	3.848011338	3.140239611	4.886583391	3.040304511	2.770801966	group1
Unigene0000305	3.711527213	3.737107588	2.373993026	3.690440075	2.496743365	group1
Unigene0000306	2.684691241	5.199684538	3.727124389	3.017845643	3.215702909	group1
Unigene0000307	4.997185568	3.414649105	2.859821532	3.351673685	2.685401755	group1
Unigene0000308	2.931978164	5.673581804	1.873128437	4.149403523	3.806973021	group1
Unigene0000309	2.342025345	3.138921501	3.437934998	3.747548535	2.691823418	group1
Unigene0000310	4.202812846	4.263523325	3.656082798	2.712258432	3.954723013	group1
Unigene0000311	5.366721001	2.22074463	4.439863801	1.600795581	4.391089694	group1
Unigene0000312	4.452189548	2.238539373	3.571984518	2.381409974	3.03302322	group1
Unigene0000313	3.90107454	4.649057685	4.979653653	4.181220749	3.365967508	group1
Unigene0000314	4.012440714	3.730004308	4.906420034	3.378072785	2.885447157	group1
Unigene0000315	3.591184252	4.473395523	2.858586439	4.979913563	3.358242176	group1
Unigene0000316	5.429165608	4.935979787	4.221254309	3.720531201	2.817588687	group1
Unigene0000317	5.738307637	4.179031048	3.306167797	4.436864279	5.452603761	group1
Unigene0000318	3.147933679	5.074879841	3.200477036	5.357474509	3.466843679	group1
Unigene0000319	4.400131114	4.354121934	4.684326034	2.971635776	2.937327047	group1
Unigene0000320	5.46919771	4.109393865	3.381564477	4.34458307	5.08006255	group1
Unigene0000321	2.850905316	3.241413675	6.294543634	2.305227027	2.587726879	group1
Unigene0000322	3.084692505	4.471616194	5.187742867	3.890447335	4.059074981	group1
Unigene0000323	3.709301808	3.033658924	4.208461456	2.296718855	6.100270576	group1
Unigene0000324	3.609911412	3.551593408	4.830404572	3.916080681	3.649472953	group1
Unigene0000325	4.853255113	4.446905002	4.469349218	1.959380286	2.81233445	group1
Unigene0000326	4.339370444	3.333213575	4.311831276	4.151999372	4.521395718	group1
Unigene0000327	3.56862824	5.435156593	2.977140418	2.971503093	3.979245402	group1
Unigene0000328	5.827076179	2.865110178	4.289730236	4.433482395	2.515157929	group1
Unigene0000329	4.019574657	4.382108104	5.14354607	2.697421344	4.80353404	group1
Unigene0000330	4.044730326	3.274488058	4.528386387	5.856430656	4.67414226	group1
Unigene0000331	3.979080566	4.211814516	3.938048199	4.219174968	5.819684555	group1
Unigene0000332	6.208294094	3.274363137	5.480480276	4.358871064	4.604868057	group1
Unigene0000333	3.184908914	5.926625685	4.789887291	3.691778588	3.462069452	group1
Unigene0000334	3.590410853	4.213217515	4.882510179	3.928251389	4.721370481	group1
Unigene0000335	2.229134723	3.308677728	4.23479602	4.058256632	3.788834919	group1
Unigene0000336	1.797227355	5.084036826	4.123288649	2.435105528	5.705140082	group1
Unigene0000337	3.809181597	4.698527592	3.650752809	2.993010513	5.334567561	group1
Unigene0000338	4.548881622	4.680283183	4.019265019	5.255152099	6.086127404	group1
Unigene0000339	3.617021322	4.39731191	5.798699893	4.609120047	4.186998398	group1
Unigene0000340	1.877967476	4.628092662	6.224233698	3.456279264	4.052930214	group1
Unigene0000341	4.156565689	2.592296474	4.436170384	4.072889041	6.876016673	group1
Unigene0000342	4.958473769	4.976708323	2.741153596	4.338923663	3.768769487	group1
Unigene0000343	3.718922747	3.172656754	4.048656114	4.001655325	4.134586923	group1
Unigene0000344	2.132890898	4.509166811	5.732928613	3.197382692	4.890809489	group1
Unigene0000345	4.191585974	2.915666154	2.980849083	5.226318549	4.277333487	group1
Unigene0000346	3.489930153	3.244165559	3.497930237	2.968242996	2.867325127	group1
Unigene0000347	3.051735302	3.308781185	4.823437357	3.913733466	4.176975753	group1
Unigene0000348	4.259824949	3.349042096	4.039796524	3.199333386	2.741892233	group1
Unigene0000349	5.220524895	3.225807934	4.820202053	3.265799295	4.381527159	group1
Unigene0000350	3.058063367	3.669979589	3.859575392	2.455593181	4.38649422	group1
Unigene0000351	2.724560837	3.687582265	4.178213502	4.65607977	4.346076356	group1
Unigene0000352	4.856043594	4.13841539	5.731621188	3.620035668	4.598321517	group1
Unigene0000353	6.574542991	4.336086425	3.557382474	5.05248333	2.209987295	group1
Unigene0000354	2.725883866	5.849160476	4.085239029	4.538048574	4.366518617	group1
Unigene0000355	5.751173365	4.18985015	4.852941975	3.921746455	5.478423548	group1
Unigene0000356	3.516930042	2.435159561	3.995488311	4.456112879	6.102032574	group1
Unigene0000357	4.43348838	2.362840648	3.230943362	3.675991821	4.808122187	group1
Unigene0000358	4.017530481	2.952563545	3.117499937	5.214226007	3.827334039	group1
Unigene0000359	4.815208653	2.146760292	6.963570899	4.172792445	2.619237238	group1
Unigene0000360	5.778157792	3.461948676	4.343310294	4.471640406	3.286568659	group1
Unigene0000361	5.538543955	4.165615856	4.771372682	3.515272338	4.85850324	group1
Unigene0000362	3.965952831	5.653428116	3.952176963	4.719265034	5.252083383	group1
Unigene0000363	4.860460165	4.444743192	3.166309339	4.182570293	1.910646338	group1
Unigene0000364	4.287510981	5.388080707	3.802310234	3.949705956	4.995410691	group1
Unigene0000365	4.245503682	4.832476917	4.127795548	3.724716827	3.653880313	group1
Unigene0000366	5.397560489	4.698995905	3.30642214	3.581069982	3.452732839	group1
Unigene0000367	3.678547362	3.689429767	3.361025314	4.634982307	4.744621454	group1
Unigene0000368	3.50071417	5.237075798	3.555444854	2.400381053	3.290335115	group1
Unigene0000369	4.737115506	4.784907033	3.73340107	4.201684558	5.940119327	group1
Unigene0000370	3.16583468	3.821453224	3.891159412	4.680355216	2.963071889	group1
Unigene0000371	3.527048095	3.223119507	4.635305694	3.738772736	3.428436877	group1
Unigene0000372	5.249305245	3.539295244	3.065743489	4.803640046	3.63894957	group1
Unigene0000373	3.320467132	5.230853381	5.93084184	3.556744787	3.936327808	group1
Unigene0000374	4.10943134	2.396568002	5.21321506	4.910247317	3.721645967	group1
Unigene0000375	2.056628434	3.483366241	3.386594708	5.28900412	3.65988897	group1
Unigene0000376	3.433457595	2.621026424	2.581306738	3.595611232	4.777044758	group1
Unigene0000377	3.77205098	3.775925022	3.919242144	2.492090105	4.547335836	group1
Unigene0000378	5.151886952	1.276664192	5.194628201	5.719324808	4.690800032	group1
Unigene0000379	4.503068257	3.30882423	4.006508111	4.902195573	3.665241774	group1
Unigene0000380	4.838510051	2.708885377	2.536249091	3.030553909	3.524201329	group1
Unigene0000381	4.155685365	3.007657393	4.823768263	5.101166924	3.823665722	group1
Unigene0000382	4.898529598	3.755668116	4.583513028	4.741760313	4.319221243	group1
Unigene0000383	5.265260463	4.140892522	4.565410631	3.95553234	3.057503429	group1
Unigene0000384	4.081977774	5.16004906	2.060748128	5.271592497	3.021107847	group1
Unigene0000385	6.091530389	4.794954101	5.369869948	4.961513023	2.601017893	group1
Unigene0000386	2.697695002	2.785618426	4.252257382	4.188539664	4.312238757	group1
Unigene0000387	3.704847354	2.469310211	2.881677223	3.083138702	4.171436406	group1
Unigene0000388	3.960438889	3.99851987	4.425106358	5.352379306	2.50033413	group1
Unigene0000389	2.784165662	5.115736692	3.390709995	4.207451937	5.545728923	group1
Unigene0000390	4.308875972	3.687842485	4.80973221	5.331272941	5.083233919	group1
Unigene0000391	3.952124515	3.74446961	5.427683283	3.297184172	4.278191752	group1
Unigene0000392	1.2974054	1.917884288	5.918358494	3.448771408	4.63236092	group1
Unigene0000393	5.156407931	3.5723732	4.563648288	3.404728376	4.23520732	group1
Unigene0000394	4.953301071	3.673950877	3.86583918	3.120066279	3.465361607	group1
Unigene0000395	4.51787873	3.550895018	5.055026864	5.191952461	4.536414553	group1
Unigene0000396	4.004659003	5.613196033	5.476218349	4.798626189	2.504609667	group1
Unigene0000397	5.107822886	3.220246344	4.980327049	4.576281355	3.225818718	group1
Unigene0000398	3.857321484	2.959276808	5.572850529	3.430277457	2.383548204	group1
Unigene0000399	3.687452709	4.764760849	6.682888722	4.889973827	3.766499669	group1
Unigene0000400	2.274781938	3.487984345	5.166769848	3.396032072	4.449961078	group1
Unigene0000401	2.09216837	5.588173659	3.868523533	2.241321507	4.293445291	group1
Unigene0000402	2.569685549	2.229639803	3.194470865	4.012839885	2.988487541	group1
Unigene0000403	5.774707611	3.434144957	5.77068397	5.120321339	3.946604062	group1
Unigene0000404	5.157322712	2.727506451	3.231389128	4.483127472	3.275792306	group1
Unigene0000405	4.631874506	4.000336591	4.451343555	3.372758318	4.496573319	group1
Unigene0000406	3.346858536	3.70104141	2.679161105	1.734576889	5.487514165	group1
Unigene0000407	4.54305129	3.349512359	6.338918279	3.275730693	3.521889657	group1
Unigene0000408	6.693588637	4.436827173	4.63469853	3.011233602	4.367198073	group1
Unigene0000409	4.115500581	4.669976068	3.270323696	4.664168233	4.907501137	group1
Unigene0000410	4.251528377	4.304542717	3.195034616	6.344751929	3.166049014	group1
Unigene0000411	4.141413173	4.368015695	3.473546933	4.737566997	3.747762304	group1
Unigene0000412	2.978290337	4.678599488	3.895389159	5.260617489	4.89121561	group1
Unigene0000413	3.767019584	3.218595179	2.473921655	4.972352709	2.555194214	group1
Unigene0000414	2.800934524	3.961812235	3.537930923	3.104401757	4.504654511	group1
Unigene0000415	3.425805967	4.517081858	4.43708836	5.053863566	2.215918474	group1
Unigene0000416	4.485003031	4.984522484	2.39294308	2.678512029	3.749563715	group1
Unigene0000417	2.990610852	4.471452719	4.390446021	5.864955035	2.739653668	group1
Unigene0000418	5.158286308	4.484954942	0.698789185	2.516834074	4.534253878	group1
Unigene0000419	2.894174105	4.48924956	3.990216715	4.14643513	4.714529733	group1
Unigene0000420	3.218670676	3.948994561	4.256025144	3.250756919	5.886260139	group1
Unigene0000421	4.487176305	4.347842061	4.178161197	3.305907379	3.099491638	group1
Unigene0000422	2.39976458	3.696083775	4.472360175	4.166976824	4.441752293	group1
Unigene0000423	4.576315946	3.14355062	4.720829638	3.538429853	3.909177658	group1
Unigene0000424	4.538916757	3.426532441	5.552835107	3.821731263	4.385824691	group1
Unigene0000425	4.119611153	2.73132326	5.064414439	4.89103446	4.72106248	group1
Unigene0000426	1.370885291	4.830761122	2.910851692	2.915426916	3.697521425	group1
Unigene0000427	2.91085442	4.618893322	4.095450352	3.861081351	4.319052402	group1
Unigene0000428	4.100700991	3.938289214	5.286897289	3.633549307	5.598048902	group1
Unigene0000429	4.98382349	3.683379614	4.35191862	2.205740307	2.722265117	group1
Unigene0000430	3.683777823	5.002168196	4.443146659	3.526987914	4.871517516	group1
Unigene0000431	3.709481035	3.3649703	5.35691023	4.902353053	5.10436575	group1
Unigene0000432	4.466620702	5.679098174	5.379960947	4.310528864	5.056026506	group1
Unigene0000433	5.191974264	2.328541554	3.799812549	3.208177752	2.925629177	group1
Unigene0000434	4.315020396	4.2595579	4.683644333	4.519384188	4.874261871	group1
Unigene0000435	4.150635704	5.634622881	4.255572527	3.543374568	4.22834498	group1
Unigene0000436	3.784400451	5.274422855	3.608082439	2.765935029	4.21772758	group1
Unigene0000437	4.116790632	5.070854188	5.104391637	4.009022547	3.68060211	group1
Unigene0000438	3.042655349	4.674174706	5.243514766	4.816397965	3.761917685	group1
Unigene0000439	4.741848311	3.009201048	2.972596165	2.308933434	5.049808784	group1
Unigene0000440	3.053912207	4.460291769	3.280591158	3.530388894	3.753391321	group1
Unigene0000441	5.135898205	3.476317649	3.942137599	1.754105162	3.506280412	group1
Unigene0000442	3.790019065	3.023583797	3.164483312	4.092003285	3.571858674	group1
Unigene0000443	5.476626919	5.150005429	4.220599785	4.164403695	4.181254099	group1
Unigene0000444	3.079955775	5.023036966	5.050782618	2.288151534	4.047507597	group1
Unigene0000445	4.156463134	4.260692888	2.624805134	4.703192908	4.220155112	group1
Unigene0000446	3.050131011	6.373469234	4.359895206	4.623350016	3.160514205	group1
Unigene0000447	5.365998895	4.416270407	5.141816992	4.680873216	3.902653458	group1
Unigene0000448	5.462292949	3.169283959	5.191506587	4.547938849	4.768824276	group1
Unigene0000449	4.52003628	3.170083557	3.025893129	5.271733327	3.052137273	group1
Unigene0000450	3.973924059	3.009631032	3.375243886	3.119793549	4.220769274	group1
Unigene0000451	3.267957293	3.448762693	3.609354569	3.549353658	3.392917374	group1
Unigene0000452	5.11125094	3.962154382	4.143226229	2.825542007	3.81480634	group1
Unigene0000453	3.51855593	3.919198431	4.799907388	3.000379039	4.583819136	group1
Unigene0000454	4.026085619	4.217733712	5.169347603	1.836299836	4.10196007	group1
Unigene0000455	5.073971181	5.620691973	3.971459783	4.019809439	4.712751435	group1
Unigene0000456	3.53792537	3.980061325	5.767070463	3.894947133	4.253585812	group1
Unigene0000457	2.727478619	2.477559304	4.376422593	2.805905073	4.204116824	group1
Unigene0000458	4.330850811	3.421412112	3.580402881	3.546354627	4.677443084	group1
Unigene0000459	3.639776749	3.757849711	5.504506266	2.654115336	3.633182725	group1
Unigene0000460	1.817542605	2.261798726	5.182962005	3.084709719	3.603126981	group1
Unigene0000461	4.045186962	3.821168641	3.215152396	2.95015675	4.803452374	group1
Unigene0000462	3.588733393	2.910786745	6.192507811	4.291860998	3.90020059	group1
Unigene0000463	2.570854075	4.561456377	4.435635649	3.598543124	4.597276731	group1
Unigene0000464	3.755275144	5.382556515	3.827693366	4.298253478	4.491383046	group1
Unigene0000465	4.261151835	2.618366035	4.123692408	4.767946644	3.82667703	group1
Unigene0000466	4.435955925	4.073537892	4.438338701	4.210364742	3.250903595	group1
Unigene0000467	2.525818349	4.658879729	4.96878477	3.432251801	3.903315626	group1
Unigene0000468	4.206604096	4.787725673	3.253074126	3.387148256	4.666332192	group1
Unigene0000469	6.45256234	4.057169418	2.75450783	3.218871764	3.540455982	group1
Unigene0000470	4.069165921	5.349923975	3.716183192	4.081659569	2.632896358	group1
Unigene0000471	3.371950633	4.832109699	4.16460998	3.895939785	1.982704797	group1
Unigene0000472	3.893690166	4.089589779	3.762201906	4.006380867	2.690769458	group1
Unigene0000473	2.759440285	3.886468504	6.233752969	5.337327903	3.03436016	group1
Unigene0000474	2.86422141	6.910620502	4.341628737	3.614608544	4.458362361	group1
Unigene0000475	2.803012684	3.359675253	4.382187207	4.826670999	3.220614971	group1
Unigene0000476	3.744188876	4.765076421	4.655954225	2.792383996	2.832732073	group1
Unigene0000477	4.666229094	4.983171238	4.832191969	4.603715951	4.623586088	group1
Unigene0000478	3.214303772	4.051133887	4.521664823	4.144634113	4.728071231	group1
Unigene0000479	6.544638232	2.775307075	5.237181771	4.587367992	3.177466388	group1
Unigene0000480	5.4548965	3.572905647	5.227867402	4.727160366	4.248384204	group1
Unigene0000481	3.199559816	2.302026285	4.135910919	4.555246226	3.734635922	group1
Unigene0000482	3.808431734	1.264684845	4.23805697	2.968165061	4.66529239	group1
Unigene0000483	2.914615686	2.446186504	3.645163024	2.859127635	4.213818777	group1
Unigene0000484	3.472307595	3.172549212	4.590131269	3.535585186	3.064308091	group1
Unigene0000485	2.458143815	3.493435376	4.653587249	3.691918245	3.378219982	group1
Unigene0000486	4.337118163	5.503228644	3.770720224	4.09217142	3.68445738	group1
Unigene0000487	4.639364036	3.759583759	2.294638103	3.343564864	2.85451949	group1
Unigene0000488	3.460248966	4.773180832	4.983187132	3.57074229	4.112699792	group1
Unigene0000489	2.346785012	4.360258355	4.124168687	1.603689152	3.62643632	group1
Unigene0000490	2.430059183	3.184011084	5.494520172	3.075113451	4.414042569	group1
Unigene0000491	4.661066655	2.503467788	5.428523845	3.082087587	4.680879716	group1
Unigene0000492	4.540580295	5.121372305	4.89219297	3.384748727	4.826909434	group1
Unigene0000493	6.215599351	4.068221871	4.640382233	2.666158381	3.528981698	group1
Unigene0000494	5.642426571	4.405331644	4.390201218	3.445236391	5.074861946	group1
Unigene0000495	3.040053433	3.661973795	4.232276252	4.251035813	3.983977297	group1
Unigene0000496	1.581710116	3.957267099	7.224080934	3.325319308	4.785989088	group1
Unigene0000497	1.831354306	4.924799618	2.443874224	4.117181507	2.129927402	group1
Unigene0000498	1.89535753	3.619613149	3.934000823	4.059239387	3.893560436	group1
Unigene0000499	1.907173971	4.725926995	2.202704017	4.037228541	4.225923078	group1
Unigene0000001	5.074641263	3.65967655	4.370901403	4.236897663	4.765219233	group2
Unigene0000002	7.00377947	4.379494937	3.57946753	3.19718116	4.331835282	group2
Unigene0000003	2.95433781	3.607428544	5.725935665	2.732338573	2.149628598	group2
Unigene0000004	3.28959231	2.937727839	3.36296499	3.449553446	1.299578079	group2
Unigene0000005	3.952042533	2.532397853	5.103174541	4.710092733	5.126756292	group2
Unigene0000006	4.906796009	2.301898685	5.369056646	4.269164253	2.217264051	group2
Unigene0000007	4.71914547	4.568515602	2.217661069	3.339284559	4.118168296	group2
Unigene0000008	3.969260928	6.262040343	5.27370113	4.830262458	5.662296558	group2
Unigene0000009	4.657896352	4.322682728	3.526216705	3.879940084	5.09379058	group2
Unigene0000010	3.765263686	4.479965301	4.41159224	3.167352032	3.115842091	group2
Unigene0000011	6.795750608	3.197501316	4.788573894	3.064192327	4.848301159	group2
Unigene0000012	3.508508474	5.311780266	1.850462104	4.05044349	4.40595301	group2
Unigene0000013	4.873047161	2.97139942	3.290083094	3.728040836	1.86497394	group2
Unigene0000014	4.318454022	4.313236473	4.169212759	6.661183339	3.650245935	group2
Unigene0000015	3.815849127	4.023472559	3.59692741	4.904677617	2.133128981	group2
Unigene0000016	3.343755962	6.27264559	4.843176525	3.385770271	4.351123156	group2
Unigene0000017	2.751067096	4.521486225	5.409307108	2.669767652	4.022778474	group2
Unigene0000018	3.17336154	4.666310646	5.633943921	5.292050965	4.671542787	group2
Unigene0000019	4.775005672	3.613550775	3.622952179	4.176711005	3.379517102	group2
Unigene0000020	3.833209496	2.588813803	4.211550251	3.578082759	3.19125483	group2
Unigene0000021	4.064079411	3.586087831	3.771384208	3.26171484	3.715641579	group2
Unigene0000022	4.616878414	3.718461474	5.020577665	3.158689445	4.612906925	group2
Unigene0000023	3.584578504	3.38947089	4.652276542	4.993262971	2.723206223	group2
Unigene0000024	5.13748896	3.670172743	3.393237024	2.827729932	3.777421866	group2
Unigene0000025	5.30767742	6.419249205	3.550822896	4.8482852	3.274124487	group2
Unigene0000026	6.658266366	4.997177221	4.533610205	5.531174807	3.718562472	group2
Unigene0000027	4.504267413	3.956192589	4.386891493	4.324570705	2.574307675	group2
Unigene0000028	4.898915675	3.699285428	5.133927028	3.279601839	5.377846499	group2
Unigene0000029	3.513059934	3.224100024	3.951120732	5.330714096	4.234846566	group2
Unigene0000030	3.850926666	3.113520193	3.677195013	4.945315972	4.366654106	group2
Unigene0000031	3.257365341	4.009807249	2.959903046	3.077876757	1.989223871	group2
Unigene0000032	5.063913758	4.974341451	2.745311317	4.524093956	5.774915028	group2
Unigene0000033	3.400204706	3.502600134	3.537549004	4.006518388	3.639121104	group2
Unigene0000034	6.634459766	3.911613301	1.990369039	4.586242072	3.919637927	group2
Unigene0000035	3.055579721	2.583173908	5.280484588	3.603041815	2.3323213	group2
Unigene0000036	3.390832348	4.631160157	5.740368538	3.967418057	3.857996508	group2
Unigene0000037	5.423706667	2.679809049	3.471811582	2.280502268	4.870165067	group2
Unigene0000038	4.207611362	4.267753306	3.042606161	3.053526961	4.349250591	group2
Unigene0000039	1.81682969	2.817801539	3.557653192	3.941570457	6.235267471	group2
Unigene0000040	4.198515213	3.97271791	4.12438341	1.760448833	3.148959836	group2
Unigene0000041	3.06081511	4.812242223	2.345726415	3.20082678	4.586790021	group2
Unigene0000042	3.70855469	6.2679856	3.337355978	3.838775191	3.705083047	group2
Unigene0000043	3.976349423	4.596873911	3.127607487	4.318974883	4.342959005	group2
Unigene0000044	4.682199772	3.93083075	7.176104528	3.922813389	3.388338854	group2
Unigene0000045	3.424903505	4.381543365	4.007741833	4.02943985	5.415090175	group2
Unigene0000046	2.256346265	4.807458058	1.935952547	5.021598021	5.198800384	group2
Unigene0000047	6.586060941	6.252041139	3.077887506	4.148422622	3.087295027	group2
Unigene0000048	3.075944393	3.219454324	3.208877333	4.162288938	4.167472515	group2
Unigene0000049	5.267952468	2.328933886	5.128151694	5.32461932	4.515754979	group2
Unigene0000050	4.951879068	2.880630268	4.019243671	5.61345501	4.189913709	group2
Unigene0000051	3.094985874	3.158036058	5.416823668	2.520912443	2.581301827	group2
Unigene0000052	3.799754623	4.842662475	3.98607745	4.841863863	3.731612586	group2
Unigene0000053	4.671825371	3.523965074	3.613653987	2.382110234	3.07789974	group2
Unigene0000054	3.858465532	4.131099471	4.41586551	3.136099067	4.547624864	group2
Unigene0000055	3.705129028	5.618232055	1.777474634	3.753147645	4.591865458	group2
Unigene0000056	3.843071607	4.078522039	3.846444142	3.91596001	3.021201698	group2
Unigene0000057	3.638424196	4.798628206	5.026612651	4.728396797	4.830068276	group2
Unigene0000058	4.46995769	5.522649179	3.37902502	4.838079739	3.702769376	group2
Unigene0000059	4.183051634	4.473467375	5.32336004	5.955675572	5.302126505	group2
Unigene0000060	4.154227501	5.059851918	5.072856787	4.235891613	3.89971734	group2
Unigene0000061	6.070927956	2.756677627	5.218941556	2.40530879	4.563788337	group2
Unigene0000062	5.032748231	4.173707593	4.463613583	2.954694635	4.36178513	group2
Unigene0000063	5.61153984	3.879890515	5.007126651	3.812218771	1.416969783	group2
Unigene0000064	4.544806358	3.764521513	2.711096659	5.010904973	5.894315804	group2
Unigene0000065	4.207674236	4.529677226	3.881929446	3.939385386	4.624580799	group2
Unigene0000066	4.386540571	3.50776899	4.630041381	6.372226355	3.528214137	group2
Unigene0000067	4.94253517	4.422713508	6.548173214	4.743376553	3.424160989	group2
Unigene0000068	3.453474086	4.51108073	2.364624727	3.545318476	4.410931351	group2
Unigene0000069	4.388510482	2.467149522	4.921075938	3.989377138	4.308747201	group2
Unigene0000070	4.446835268	4.432744287	3.390152066	4.504028901	3.636320777	group2
Unigene0000071	3.761347095	3.616299142	2.241842281	3.769222295	4.760805108	group2
Unigene0000072	4.254289699	2.271402415	3.565596875	2.525278828	4.41976763	group2
Unigene0000073	3.67689356	5.071660659	4.504369431	4.830319846	3.019815717	group2
Unigene0000074	3.825381424	6.038704946	3.475885981	2.361175658	1.937053575	group2
Unigene0000075	3.721841292	3.972778189	5.623174627	5.27365362	3.503442347	group2
Unigene0000076	3.491561234	3.764120846	3.684127579	2.899638542	4.641458661	group2
Unigene0000077	2.955755029	3.699785897	4.649446357	4.096518513	3.680703971	group2
Unigene0000078	4.338009789	2.64584539	4.743599809	4.408097313	5.790354844	group2
Unigene0000079	3.799670212	5.15063512	6.108449401	5.57635944	4.611307018	group2
Unigene0000080	4.709950993	4.512283896	5.092577516	2.345217077	2.999511486	group2
Unigene0000081	5.502590606	4.905446749	3.939491289	5.400858924	3.025592537	group2
Unigene0000082	4.035103491	3.890766623	4.240034984	3.749455691	3.416104532	group2
Unigene0000083	2.299200263	3.921521738	3.799759882	5.448166692	2.972693187	group2
Unigene0000084	4.768899396	4.484362626	4.769345447	4.201021686	4.107446635	group2
Unigene0000085	4.54889221	5.503391897	3.646417103	4.123621784	4.359604524	group2
Unigene0000086	5.315702126	3.745827664	5.852508104	3.491539227	5.043011747	group2
Unigene0000087	3.744855149	3.712594285	3.33861453	4.743861787	1.911916751	group2
Unigene0000088	3.875655356	5.228002506	1.894144173	4.587520609	3.620617171	group2
Unigene0000089	3.559220787	3.824678086	5.024029064	2.606885156	3.708842069	group2
Unigene0000090	4.219537696	5.157787203	3.094234869	1.620890061	3.400189614	group2
Unigene0000091	3.698736231	4.359549369	4.259237379	4.251384493	5.102960249	group2
Unigene0000092	5.124030267	3.53255597	3.5520606	3.568565054	3.514150213	group2
Unigene0000093	3.110938504	6.127570157	5.009287374	5.124493773	2.624963062	group2
Unigene0000094	3.355133018	3.688009446	4.3033159	3.856526709	4.588627254	group2
Unigene0000095	3.738474219	2.796436787	3.583945885	4.899648509	4.048693574	group2
Unigene0000096	3.975827132	3.81379917	4.69962151	3.267979781	4.912561007	group2
Unigene0000097	5.028406857	3.254924047	3.802539815	5.072507215	2.968236935	group2
Unigene0000098	4.699574446	5.194291327	3.519812417	4.805657655	4.388041937	group2
Unigene0000099	3.678150204	3.372237414	4.293791017	4.115310138	3.433595645	group2
Unigene0000100	5.241412026	3.096451358	2.703071479	4.500532445	3.761800332	group2
Unigene0000101	4.549754416	3.945413616	3.779892935	4.241042033	2.40426141	group2
Unigene0000102	2.591232086	4.585208799	4.384362789	4.430431143	3.425700962	group2
Unigene0000103	2.516803092	4.179429702	4.07790006	4.189992544	3.354215325	group2
Unigene0000104	5.526823646	4.072665467	4.93756933	6.003743938	5.857286528	group2
Unigene0000105	4.439692128	3.272965122	3.224509301	5.552223787	3.205265496	group2
Unigene0000106	4.391689918	4.012623128	4.132915022	4.175177538	5.756588822	group2
Unigene0000107	4.325602266	4.327450456	2.145451725	6.1234831	5.360104752	group2
Unigene0000108	5.922936108	3.565172265	3.676269165	2.33315547	2.83174525	group2
Unigene0000109	3.232598507	4.474859061	5.229366806	3.740265927	3.674845435	group2
Unigene0000110	3.639702437	3.79304373	4.979612008	1.65426607	3.026425739	group2
Unigene0000111	5.79467335	3.682627152	4.979788667	3.091326654	2.332321075	group2
Unigene0000112	4.797111024	3.857491358	4.366654014	4.464987205	4.254440877	group2
Unigene0000113	3.905204899	4.186857366	5.416097573	5.333418685	4.556951899	group2
Unigene0000114	3.021280183	4.019227363	2.243365633	2.687070938	4.266728932	group2
Unigene0000115	4.444384726	3.592327495	4.697340742	3.904289824	3.105986344	group2
Unigene0000116	2.496694478	4.621487896	2.227894703	5.398599364	4.720356656	group2
Unigene0000117	4.966322846	4.427890132	5.331414771	4.800081902	3.515822514	group2
Unigene0000118	3.502082998	4.488990335	4.504344321	5.107601698	4.147632996	group2
Unigene0000119	4.243817112	6.182926719	4.321809052	4.215151181	3.592291542	group2
Unigene0000120	6.531200604	4.435743182	3.856062751	2.468081373	4.074710547	group2
Unigene0000121	3.922686983	3.738361168	2.56996135	4.47912311	2.962963532	group2
Unigene0000122	3.733247312	4.328329385	3.594571272	3.657931451	4.197209738	group2
Unigene0000123	3.912413886	3.317640464	5.461586476	3.053991487	4.308920982	group2
Unigene0000124	2.778930745	3.394765283	3.944102696	4.537523102	2.871868997	group2
Unigene0000125	4.906547898	4.956319526	4.056554893	2.350496893	3.841822953	group2
Unigene0000126	3.545623335	3.775836723	5.506014208	3.558770608	2.964101117	group2
Unigene0000127	3.202583355	4.2032564	5.371049978	4.834499475	5.170939853	group2
Unigene0000128	3.793784328	3.118263219	2.210311182	5.190371434	5.616782442	group2
Unigene0000129	3.91237064	4.147011934	5.37129314	6.303699763	4.455354004	group2
Unigene0000130	4.215217791	3.760335289	4.596034538	5.026536773	3.525428737	group2
Unigene0000131	4.697847303	3.580028515	3.644806805	3.498926433	5.625484232	group2
Unigene0000132	3.923800581	4.252053788	1.905720868	4.063614368	4.856109727	group2
Unigene0000133	4.754575447	3.805176686	3.218447771	3.186258523	2.88565817	group2
Unigene0000134	4.626208645	4.892279686	4.115399951	3.049539438	3.628112186	group2
Unigene0000135	2.812608863	4.064220245	4.683661494	3.919637013	4.971712178	group2
Unigene0000136	5.804044091	4.845614341	4.226869662	4.027673317	3.533300102	group2
Unigene0000137	2.670257239	5.270610589	4.850148547	3.814643961	5.099174615	group2
Unigene0000138	5.183393032	5.119510849	3.882031475	3.803718926	4.709155778	group2
Unigene0000139	3.631457577	3.884655736	4.437219351	4.277455225	3.932525382	group2
Unigene0000140	6.390758576	4.023763766	4.68030623	3.942094894	4.737833088	group2
Unigene0000141	5.578195232	3.95679003	5.272145248	3.706912259	3.535598082	group2
Unigene0000142	3.138719635	3.429698554	3.627999431	3.1485936	2.859913927	group2
Unigene0000143	5.629677984	5.158695483	3.209890892	5.385612895	1.763423399	group2
Unigene0000144	3.487650513	1.970962713	3.091072209	5.381186202	4.441568246	group2
Unigene0000145	5.6110971	5.03232336	4.019847843	4.353616179	3.344357297	group2
Unigene0000146	2.872378338	4.566376718	5.570402011	3.485296953	4.064391852	group2
Unigene0000147	3.335301508	5.639700653	4.789087947	4.059294422	2.472968871	group2
Unigene0000148	2.081484435	3.623376034	3.426980697	3.227308002	4.637126743	group2
Unigene0000149	2.532586008	2.705554832	4.092616138	3.347766879	2.300352652	group2
Unigene0000150	2.289155645	3.56382114	4.095896012	5.08192576	2.681443021	group2
Unigene0000151	2.57124856	5.006162267	4.086277902	4.854565326	4.578873478	group2
Unigene0000152	5.954779995	3.165727134	3.105970428	2.572823751	4.679069643	group2
Unigene0000153	3.67103454	3.316582836	3.701966162	2.439298328	4.63767448	group2
Unigene0000154	4.459490782	2.148024927	4.224212478	3.562937974	3.877055252	group2
Unigene0000155	5.116337739	4.817597618	6.282527947	2.942763943	3.202705319	group2
Unigene0000156	3.282810852	4.761992334	3.940677154	4.250429147	3.435571145	group2
Unigene0000157	3.662529696	4.072227393	3.256601549	2.147854897	3.253984144	group2
Unigene0000158	4.232486712	5.052898584	3.768059016	4.419847105	4.8305804	group2
Unigene0000159	3.420114913	3.384753214	2.615644917	5.559347816	3.248479645	group2
Unigene0000160	3.972168689	5.396267977	3.791532766	2.994005038	5.393611051	group2
Unigene0000161	4.89897033	4.37584455	3.53792808	3.34808025	2.526785085	group2
Unigene0000162	5.046942049	6.311742067	2.848929751	4.58828829	3.579912868	group2
Unigene0000163	3.461256653	3.98078654	4.314980449	2.629718473	3.822629498	group2
Unigene0000164	6.649186915	3.045370767	5.686604118	4.499593466	4.703164618	group2
Unigene0000165	4.187024132	2.772108823	3.022656708	3.746751301	2.845337367	group2
Unigene0000166	2.275144061	4.453322016	2.876556899	4.265723911	5.093303917	group2
Unigene0000167	3.611228312	4.575324476	4.23943727	3.192623001	4.326456809	group2
Unigene0000168	3.402054811	4.642812522	6.645065016	2.575007612	4.556626136	group2
Unigene0000169	4.553254643	4.141782673	4.785634295	3.730203024	4.371127209	group2
Unigene0000170	5.463088709	4.096939417	3.162384336	2.668195477	3.056775073	group2
Unigene0000171	3.780324908	4.365335054	3.977905862	6.273595184	4.851847237	group2
Unigene0000172	3.862520057	5.060024723	1.117130457	3.680157036	3.486548063	group2
Unigene0000173	3.55426609	3.135529517	4.099032607	3.552464638	3.622489941	group2
Unigene0000174	4.406527495	5.255914326	3.947218819	3.257390521	2.232892299	group2
Unigene0000175	3.024784768	3.148691507	5.355223606	3.303626852	3.951803387	group2
Unigene0000176	5.745768662	3.579026322	5.695640876	3.937108816	4.675127192	group2
Unigene0000177	3.587673427	5.147357529	3.584933119	3.431115347	4.465468722	group2
Unigene0000178	5.63162068	3.356531388	4.987301521	4.500692747	4.43877899	group2
Unigene0000179	3.673065049	3.530891285	2.018940297	4.244122458	2.326586294	group2
Unigene0000180	5.118065134	4.137789449	4.280178966	4.950935224	4.06654784	group2
Unigene0000181	4.085578526	2.648898653	3.894851479	2.749113069	4.61413529	group2
Unigene0000182	3.81709895	3.462276835	5.397843494	3.18926307	3.227102147	group2
Unigene0000183	4.670114255	6.240505649	4.339599648	4.237766912	3.284362878	group2
Unigene0000184	4.447414132	4.395974287	4.181556803	3.453083146	4.134530272	group2
Unigene0000185	4.482534539	5.227449189	4.771838563	4.804472584	4.494854148	group2
Unigene0000186	2.264727354	4.558480034	4.232861222	5.030160054	4.18475219	group2
Unigene0000187	5.327681158	4.155079257	4.250793171	2.778801739	4.08552682	group2
Unigene0000188	4.198945137	3.185178126	3.242111916	2.532187153	6.069331437	group2
Unigene0000189	3.308952403	3.863599204	4.106733687	2.629710572	5.373721783	group2
Unigene0000190	5.341245862	2.977931224	4.190147582	4.32508567	4.454345875	group2
Unigene0000191	3.255690796	3.671063586	2.939401486	6.256291281	4.801382835	group2
Unigene0000192	2.602896265	3.818107301	3.617184187	2.382495292	3.846231388	group2
Unigene0000193	3.003691774	2.73970146	3.393612091	4.316431959	5.550254434	group2
Unigene0000194	5.201339142	2.7304388	3.903443132	4.500870581	4.242315652	group2
Unigene0000195	5.756648505	3.67771005	5.145810785	3.563643098	3.025544847	group2
Unigene0000196	2.959850668	3.244402932	4.013722737	4.256284031	4.435853205	group2
Unigene0000197	4.559670991	4.309464662	3.990017662	3.429245991	5.464741719	group2
Unigene0000198	4.23490102	3.063804514	3.803042512	1.638107149	3.805841674	group2
Unigene0000199	5.354538777	4.773358457	4.350813563	5.424378187	4.879308453	group2
Unigene0000200	5.011460882	6.771983788	2.837053734	4.758824092	4.765899954	group2
Unigene0000201	4.733921294	4.167387983	5.245087565	5.592297358	4.739895329	group2
Unigene0000202	5.142436758	5.73222286	4.379330401	3.541742897	4.816818002	group2
Unigene0000203	2.494447275	3.270920938	4.509977822	2.840343061	3.731961063	group2
Unigene0000204	3.206608304	5.450522986	3.087744049	4.096152873	3.918113198	group2
Unigene0000205	4.074178454	4.293658413	4.29445017	4.216335092	3.981706876	group2
Unigene0000206	4.152516536	2.452997314	3.776378301	3.898031679	5.424572	group2
Unigene0000207	4.129683536	3.552097582	2.08064864	3.822604732	4.073600435	group2
Unigene0000208	5.650296435	4.095460866	3.593807718	5.358019875	4.84475912	group2
Unigene0000209	4.575407221	2.572866286	3.669359832	3.880947021	5.247086303	group2
Unigene0000210	3.705341611	2.73935541	3.553500666	1.785154127	4.354248813	group2
Unigene0000211	4.434287907	3.49100809	5.325208662	4.584868125	4.782039952	group2
Unigene0000212	4.431818581	3.60840312	3.839669766	5.127991461	4.130969917	group2
Unigene0000213	4.575337961	3.008530039	4.283642751	6.409668777	3.449836212	group2
Unigene0000214	3.928493748	2.849422329	4.687335852	4.688086621	4.256766032	group2
Unigene0000215	5.259328931	4.06463866	3.164485263	3.315547369	4.827565182	group2
Unigene0000216	4.874831568	1.94957082	4.913940476	4.067410315	4.519360654	group2
Unigene0000217	4.529661484	5.409005981	2.247914712	3.658062222	3.651681432	group2
Unigene0000218	1.535154507	4.685595069	1.860333178	2.072052402	3.217081302	group2
Unigene0000219	5.335326898	5.445610897	4.181546505	3.442617637	3.864368668	group2
Unigene0000220	5.55010932	2.876535094	3.584650319	4.195130749	4.980049104	group2
Unigene0000221	4.002201503	4.432143651	4.337849157	3.870447005	5.48453125	group2
Unigene0000222	3.658398991	2.46641206	3.014565765	3.030967765	3.576949803	group2
Unigene0000223	2.775376285	4.713541862	4.068069167	3.585504598	4.037676661	group2
Unigene0000224	5.394356954	3.425318143	5.436014211	4.400712719	4.639014039	group2
Unigene0000225	1.66147146	2.551663008	2.787423269	4.695080602	3.954269782	group2
Unigene0000226	4.007285174	5.918472763	3.774854883	3.700497066	2.31614601	group2
Unigene0000227	4.380133545	2.968284066	4.782357111	3.104445882	6.455643592	group2
Unigene0000228	3.905354031	3.82651811	3.613256853	4.832608806	3.947884625	group2
Unigene0000229	2.96862337	3.960539671	4.096195457	5.017141993	4.782177984	group2
Unigene0000230	2.640906028	3.765953093	2.719203567	5.32548329	3.474741502	group2
Unigene0000231	4.300434705	2.793864515	3.789123981	5.023603558	3.724630347	group2
Unigene0000232	5.254208282	4.818119125	4.525238585	2.786750034	2.740887289	group2
Unigene0000233	3.70163755	4.395250698	2.429900277	4.280142735	4.031863348	group2
Unigene0000234	5.142219462	4.636761212	3.136780575	4.38157673	7.393124548	group2
Unigene0000235	2.552532317	4.398073581	3.185836545	4.225057191	2.008617427	group2
Unigene0000236	5.270705727	5.126447738	4.091860185	2.731129045	3.134528401	group2
Unigene0000237	2.831617164	6.667951774	3.878472556	3.280092876	3.540011856	group2
Unigene0000238	3.191168722	5.570195955	5.054280881	4.398555238	3.644155813	group2
Unigene0000239	3.619185391	3.979965589	2.124640493	4.69790701	1.912449444	group2
Unigene0000240	2.782900746	5.060845813	4.369338892	3.690228827	3.044945139	group2
Unigene0000241	3.625476985	4.645026241	3.477460908	3.347241035	2.379236239	group2
Unigene0000242	4.192749861	4.262297827	4.238597883	3.966416088	3.38936556	group2
Unigene0000243	3.77727127	2.98908381	2.030234308	5.940537617	4.79800588	group2
Unigene0000244	4.982020774	3.499742701	5.282258195	3.013607106	4.723745756	group2
Unigene0000245	3.025791448	3.582676518	3.361738618	3.565365422	4.424356576	group2
Unigene0000246	4.201215849	3.172716682	3.207509002	5.907814566	4.386127517	group2
Unigene0000247	3.983798167	5.951845562	3.801537663	2.62751204	2.311759307	group2
Unigene0000248	4.719557183	2.951467334	3.975047601	2.75377273	3.559343676	group2
Unigene0000249	2.141161646	4.345166649	2.11559757	4.821954776	2.778610776	group2
Unigene0000250	2.417852409	3.961369706	3.794888022	3.504311495	3.282828281	group2
Unigene0000251	2.184384973	4.297694809	4.234950955	4.077976972	5.491209452	group2
Unigene0000252	2.489803813	2.994039727	3.277888626	4.169418758	5.361976484	group2
Unigene0000253	3.253729114	4.629892174	5.326120599	1.651756264	4.002119042	group2
Unigene0000254	4.934964309	4.681581919	3.789670694	5.959989195	4.129180875	group2
Unigene0000255	3.936395956	3.379466501	4.914626505	4.645069699	2.68472025	group2
Unigene0000256	3.467911278	3.430325319	4.853892633	3.469885089	2.327154121	group2
Unigene0000257	3.645418012	5.740814387	4.419571889	2.801538914	4.053152771	group2
Unigene0000258	3.555990638	2.619692119	3.811524187	4.159274431	5.034919042	group2
Unigene0000259	5.092597492	2.081850314	3.985181453	2.709592849	3.55300773	group2
Unigene0000260	2.999926516	3.436953564	4.55060602	3.466085448	3.531797423	group2
Unigene0000261	4.610067906	5.19377665	5.097114563	4.695037076	5.640932074	group2
Unigene0000262	4.032620845	3.462463422	3.778195267	4.727575579	5.477889262	group2
Unigene0000263	5.328676178	1.639903343	3.728120341	3.900913815	5.520917775	group2
Unigene0000264	4.794909349	2.22929566	4.707543699	3.178463923	3.952779733	group2
Unigene0000265	4.279857315	5.845441796	2.726831656	4.322732878	3.241395718	group2
Unigene0000266	5.731698005	4.479713876	1.210631081	3.73827557	4.858728285	group2
Unigene0000267	1.513542653	4.77308716	3.263730743	3.685805639	2.998601805	group2
Unigene0000268	4.23049738	5.232224092	2.300116058	4.030584404	2.630999651	group2
Unigene0000269	5.187799969	4.588768236	5.566199336	3.514389884	3.414848503	group2
Unigene0000270	3.199921306	3.323883725	4.876353443	3.719485673	4.815524262	group2
Unigene0000271	2.181494984	3.491265259	3.418534945	5.251654537	3.874694313	group2
Unigene0000272	2.042894957	3.295908473	3.506719745	4.93957755	3.771227323	group2
Unigene0000273	3.104548905	5.681201318	4.320853178	3.287684328	5.980688243	group2
Unigene0000274	3.351079151	4.457698401	4.114327814	4.360409913	3.520694998	group2
Unigene0000275	3.585013646	3.671533497	2.282725892	2.665030979	1.938315816	group2
Unigene0000276	3.787735984	5.138651864	2.881591172	3.797357991	5.75283449	group2
Unigene0000277	2.988239108	5.151102838	4.08572877	4.707159649	2.428452992	group2
Unigene0000278	2.489298759	3.963734487	4.121174994	6.04074271	0.593083052	group2
Unigene0000279	5.073517762	3.560451584	3.416721702	4.090075177	4.92008947	group2
Unigene0000280	4.406793252	4.039848732	3.930466277	3.134629665	4.353083229	group2
Unigene0000281	2.507961784	3.65674224	4.209507386	3.401211234	4.024881109	group2
Unigene0000282	4.003975015	2.966640904	5.392811337	2.728018403	5.076173222	group2
Unigene0000283	3.715249164	4.749747334	2.125749852	3.661868164	4.780415238	group2
Unigene0000284	3.260787766	5.419873445	3.910861879	4.28322184	5.884747112	group2
Unigene0000285	5.017972488	4.890521713	1.366283319	4.060853219	3.29183527	group2
Unigene0000286	3.583387803	4.241615828	4.977468747	3.220131779	3.721888721	group2
Unigene0000287	4.437125229	4.320101548	4.492588318	4.08625607	3.265828227	group2
Unigene0000288	4.286443652	3.57465786	5.123510074	4.931696368	5.035371592	group2
Unigene0000289	3.028461765	6.126142819	3.806264537	3.909539315	4.649120481	group2
Unigene0000290	3.53737948	3.185646248	1.781515472	3.959364382	3.311477524	group2
Unigene0000291	4.667323731	2.138725198	2.276939397	3.412946892	2.843769933	group2
Unigene0000292	2.62446194	5.651946108	3.558221712	1.816561637	5.337572877	group2
Unigene0000293	5.099191001	3.110528211	4.582908115	3.295811974	2.884252537	group2
Unigene0000294	3.968967034	4.030769143	3.892660343	4.234000542	4.565999128	group2
Unigene0000295	4.570342336	4.326280545	3.421886967	5.032373562	2.687952067	group2
Unigene0000296	4.416062608	3.91998948	1.97986961	4.317610709	3.815752768	group2
Unigene0000297	3.666113078	3.861270169	3.452253282	4.398425294	2.027997115	group2
Unigene0000298	3.566991465	5.876514015	4.180407742	2.772104464	4.395968815	group2
Unigene0000299	4.971272746	3.285750821	3.952118603	4.658567033	3.732785162	group2
Unigene0000300	3.572366921	1.631984051	3.586205928	4.494268085	4.796626869	group2
Unigene0000301	4.450047842	4.498559131	4.757522151	3.856719817	3.882694568	group2
Unigene0000302	4.306760171	5.123295224	5.771958383	6.485805361	4.804282102	group2
Unigene0000303	4.117610084	4.433471785	4.658748695	4.751355937	2.17141725	group2
Unigene0000304	2.770801966	2.357189033	2.102152581	6.029062969	3.305432191	group2
Unigene0000305	2.496743365	3.990489174	4.728777231	4.212258546	3.18763583	group2
Unigene0000306	3.215702909	4.381043167	3.305934437	3.000888695	5.329250501	group2
Unigene0000307	2.685401755	3.329161122	3.525913969	3.571078633	4.26819405	group2
Unigene0000308	3.806973021	5.04628468	3.798041266	3.642368309	3.907163971	group2
Unigene0000309	2.691823418	3.925950352	3.845604014	0.924775931	4.270118421	group2
Unigene0000310	3.954723013	4.201881931	2.47168594	5.278914789	3.771818605	group2
Unigene0000311	4.391089694	6.398778349	4.246115242	4.093803103	3.46779357	group2
Unigene0000312	3.03302322	5.980923659	4.618586214	3.16774966	3.923257127	group2
Unigene0000313	3.365967508	3.016118988	1.483097698	3.389291875	5.59359352	group2
Unigene0000314	2.885447157	3.746137855	4.158726275	2.031915197	6.461927431	group2
Unigene0000315	3.358242176	4.91823669	1.938025317	2.000879114	4.36572555	group2
Unigene0000316	2.817588687	4.093551491	4.586888468	4.372786598	2.679811445	group2
Unigene0000317	5.452603761	2.617621776	4.504536362	4.189344599	2.092008405	group2
Unigene0000318	3.466843679	4.716701449	3.610271441	3.406971517	3.645939524	group2
Unigene0000319	2.937327047	4.452628674	3.76130927	4.178810831	5.279009011	group2
Unigene0000320	5.08006255	4.794923859	3.204334539	4.130918557	4.932102086	group2
Unigene0000321	2.587726879	1.573077707	3.931755357	3.896995337	3.651593244	group2
Unigene0000322	4.059074981	3.724570406	3.867896401	3.906194511	3.25647107	group2
Unigene0000323	6.100270576	4.673422245	3.366623379	3.402288546	4.768242163	group2
Unigene0000324	3.649472953	2.477231981	3.386818037	5.343866913	5.026084749	group2
Unigene0000325	2.81233445	4.27757524	5.994958309	6.482316688	4.6598283	group2
Unigene0000326	4.521395718	5.499861133	3.158681294	4.366680948	4.598831916	group2
Unigene0000327	3.979245402	3.643024296	4.835331307	3.131998205	3.6317424	group2
Unigene0000328	2.515157929	5.337830214	5.878886237	4.625476047	5.716105065	group2
Unigene0000329	4.80353404	6.08899376	5.733900923	4.864261815	4.706870621	group2
Unigene0000330	4.67414226	5.369340677	4.84618795	3.824110942	4.624043114	group2
Unigene0000331	5.819684555	2.709985549	4.108948713	2.398546863	4.102313426	group2
Unigene0000332	4.604868057	4.297575019	4.440760566	4.407385732	4.459252857	group2
Unigene0000333	3.462069452	4.764312659	4.156501877	4.67779183	3.022959995	group2
Unigene0000334	4.721370481	3.908546803	6.25644576	7.306014083	5.419164412	group2
Unigene0000335	3.788834919	3.054962572	2.693890639	4.207084818	3.840689402	group2
Unigene0000336	5.705140082	4.056271455	3.544884787	3.310442807	4.615316739	group2
Unigene0000337	5.334567561	3.45524083	4.014880537	3.988657114	2.751623211	group2
Unigene0000338	6.086127404	4.236467683	2.952518475	5.053784033	3.616231019	group2
Unigene0000339	4.186998398	4.939863413	4.455238425	3.380713324	3.261389091	group2
Unigene0000340	4.052930214	2.084615892	4.360996452	4.830854649	3.97725736	group2
Unigene0000341	6.876016673	5.094836323	3.312336345	5.155717596	3.386745278	group2
Unigene0000342	3.768769487	2.968709418	2.002565457	3.766591527	4.268090543	group2
Unigene0000343	4.134586923	3.33862358	4.823035185	4.280462856	4.273854517	group2
Unigene0000344	4.890809489	4.40724617	5.216417566	3.720947025	4.036870184	group2
Unigene0000345	4.277333487	3.450324359	4.804921987	3.43816397	4.565132255	group2
Unigene0000346	2.867325127	3.036738265	2.308522293	5.996355192	5.191837326	group2
Unigene0000347	4.176975753	2.888555738	3.313222054	3.694173437	3.77431977	group2
Unigene0000348	2.741892233	4.786293786	2.971993242	4.900838539	2.21262358	group2
Unigene0000349	4.381527159	5.218401162	3.535791878	3.435055496	4.600787762	group2
Unigene0000350	4.38649422	4.226324088	4.480577212	3.774823427	4.242052982	group2
Unigene0000351	4.346076356	2.400756341	4.049332796	4.024423983	5.402668019	group2
Unigene0000352	4.598321517	2.695845136	5.627604982	2.811085038	4.929453587	group2
Unigene0000353	2.209987295	3.090800467	5.134949038	3.102572248	4.549198999	group2
Unigene0000354	4.366518617	5.279933485	2.937308411	2.877286052	1.926296112	group2
Unigene0000355	5.478423548	6.036889479	2.426361702	4.035152181	2.546616105	group2
Unigene0000356	6.102032574	3.784259055	5.902889367	4.591482222	4.178878859	group2
Unigene0000357	4.808122187	4.95941786	3.995510386	5.595747182	6.518824488	group2
Unigene0000358	3.827334039	2.392219218	4.808318472	5.008146771	3.211476171	group2
Unigene0000359	2.619237238	3.18537124	2.197590544	3.60258966	4.569533852	group2
Unigene0000360	3.286568659	4.155125548	5.028593494	2.746341741	4.671087921	group2
Unigene0000361	4.85850324	3.53973904	4.278605546	4.758617618	4.694887133	group2
Unigene0000362	5.252083383	2.526515566	3.583303247	3.362194615	4.536722463	group2
Unigene0000363	1.910646338	2.537878335	4.372462233	4.314796299	4.24713458	group2
Unigene0000364	4.995410691	2.846116093	2.768791825	2.925360519	4.337460382	group2
Unigene0000365	3.653880313	4.428447781	2.692748645	2.457071295	4.022360943	group2
Unigene0000366	3.452732839	4.418460326	3.790606711	4.928254809	2.937460935	group2
Unigene0000367	4.744621454	4.602636841	3.792830415	6.683989422	4.993669156	group2
Unigene0000368	3.290335115	4.150502514	5.185879527	3.680957019	4.139370186	group2
Unigene0000369	5.940119327	3.247541571	4.692209959	3.263778044	1.301642831	group2
Unigene0000370	2.963071889	3.361557633	1.950746268	3.838907343	2.281459004	group2
Unigene0000371	3.428436877	3.448733704	3.617333108	5.885307088	4.309771698	group2
Unigene0000372	3.63894957	5.000240805	2.965216439	3.612322611	4.281458891	group2
Unigene0000373	3.936327808	2.676570767	4.44860481	5.587813044	5.700211694	group2
Unigene0000374	3.721645967	4.253930188	4.284685466	5.202984054	4.801825193	group2
Unigene0000375	3.65988897	4.374417174	4.899653625	3.945138114	3.575010415	group2
Unigene0000376	4.777044758	3.375380948	4.212082968	5.271055587	4.799911023	group2
Unigene0000377	4.547335836	4.38124147	4.159123949	3.74564653	3.929173962	group2
Unigene0000378	4.690800032	4.150537084	2.077575997	5.272007065	3.526512225	group2
Unigene0000379	3.665241774	5.316168391	3.541053301	4.694943512	4.181188197	group2
Unigene0000380	3.524201329	3.003066078	4.109030363	4.023204083	4.105242142	group2
Unigene0000381	3.823665722	5.290074463	3.163248798	4.909457363	3.05788249	group2
Unigene0000382	4.319221243	5.051711995	3.376666327	4.185626954	3.74660473	group2
Unigene0000383	3.057503429	6.126936201	4.811610869	4.481721566	3.657217376	group2
Unigene0000384	3.021107847	3.027576473	5.591865214	4.159670446	1.129438441	group2
Unigene0000385	2.601017893	4.193199009	4.000515667	2.045145004	4.111955222	group2
Unigene0000386	4.312238757	4.750722956	3.91104372	3.830665136	3.401263643	group2
Unigene0000387	4.171436406	4.149631511	4.416342013	3.237059974	5.862016521	group2
Unigene0000388	2.50033413	4.042531496	2.659128447	4.963880508	3.784313787	group2
Unigene0000389	5.545728923	4.845313694	6.420648833	5.603913222	3.863896471	group2
Unigene0000390	5.083233919	4.10297173	5.335581563	4.793350724	5.385424196	group2
Unigene0000391	4.278191752	2.665658593	4.192405577	3.446455468	3.602093558	group2
Unigene0000392	4.63236092	3.93700955	4.345972469	3.645817825	2.799140277	group2
Unigene0000393	4.23520732	2.965553611	5.165426186	3.948948566	5.089482254	group2
Unigene0000394	3.465361607	4.652327568	4.74802861	3.723461268	2.783524987	group2
Unigene0000395	4.536414553	3.417850584	0.745678338	3.579055507	4.579007819	group2
Unigene0000396	2.504609667	3.947753677	5.906699752	4.057827978	4.105297523	group2
Unigene0000397	3.225818718	4.401184898	3.180574411	3.392528682	3.339077982	group2
Unigene0000398	2.383548204	3.097098694	4.873615387	4.226929701	5.179346609	group2
Unigene0000399	3.766499669	2.764267373	3.837631959	3.754799628	3.658586213	group2
Unigene0000400	4.449961078	4.376382316	3.991348756	6.595284451	4.237160519	group2
Unigene0000401	4.293445291	4.866569585	2.386766219	3.908140141	3.729771167	group2
Unigene0000402	2.988487541	3.002035409	3.722496416	3.04269862	3.318276713	group2
Unigene0000403	3.946604062	3.548926212	3.876978697	2.689388763	3.029486113	group2
Unigene0000404	3.275792306	5.646231407	3.360682781	2.224531912	4.758441789	group2
Unigene0000405	4.496573319	3.301627314	3.204785322	3.973383072	4.597052092	group2
Unigene0000406	5.487514165	5.287116701	4.440861905	4.886504934	4.71064814	group2
Unigene0000407	3.521889657	3.411021029	5.030454451	2.298004957	3.460494299	group2
Unigene0000408	4.367198073	3.744097962	3.930477327	3.351416577	3.844287847	group2
Unigene0000409	4.907501137	3.698483644	3.976404038	3.0401649	3.953563297	group2
Unigene0000410	3.166049014	4.563140185	3.38429984	3.288228973	4.732051391	group2
Unigene0000411	3.747762304	2.158519366	5.135653579	4.962294314	3.983555864	group2
Unigene0000412	4.89121561	3.568742589	4.955188994	3.145778846	4.028193967	group2
Unigene0000413	2.555194214	3.888563556	6.369276819	3.475236009	2.899908309	group2
Unigene0000414	4.504654511	3.637353745	4.188066779	5.424540993	3.962658326	group2
Unigene0000415	2.215918474	4.388581287	6.335292593	4.108158339	4.72362718	group2
Unigene0000416	3.749563715	3.459828541	3.929806972	3.856245241	5.1667549	group2
Unigene0000417	2.739653668	4.935848848	5.00312899	4.289320779	2.129739668	group2
Unigene0000418	4.534253878	3.56840675	3.505918913	3.403410494	2.583148772	group2
Unigene0000419	4.714529733	4.49989568	2.529342218	4.546087862	1.680619872	group2
Unigene0000420	5.886260139	4.776554088	2.468530131	4.839975642	3.26680881	group2
Unigene0000421	3.099491638	5.162136282	3.789191254	3.985900685	4.208582089	group2
Unigene0000422	4.441752293	5.28801358	3.873649125	3.545488544	4.032376436	group2
Unigene0000423	3.909177658	3.363578068	3.598202192	4.096815248	4.637893234	group2
Unigene0000424	4.385824691	4.773757028	3.290686434	3.700994141	3.098245929	group2
Unigene0000425	4.72106248	2.990877345	2.388248412	4.496627206	4.048044544	group2
Unigene0000426	3.697521425	4.845488982	4.482283046	4.214070128	4.691179485	group2
Unigene0000427	4.319052402	6.39948885	3.596416871	5.202932659	4.585476165	group2
Unigene0000428	5.598048902	4.47867649	3.013094623	4.369638562	3.013326421	group2
Unigene0000429	2.722265117	2.713691106	5.143080166	5.538545467	4.897438443	group2
Unigene0000430	4.871517516	1.950194312	3.917766625	3.748208394	4.345054102	group2
Unigene0000431	5.10436575	3.159519064	2.568630568	3.625637422	2.723487282	group2
Unigene0000432	5.056026506	3.600597859	5.366675771	4.325832044	2.107236606	group2
Unigene0000433	2.925629177	5.07495082	2.617839793	4.411312117	4.705363461	group2
Unigene0000434	4.874261871	3.710013166	2.624740805	2.141729022	3.803112357	group2
Unigene0000435	4.22834498	2.876527717	2.488396645	3.510267998	5.496729729	group2
Unigene0000436	4.21772758	4.202862966	3.620532391	3.576914613	1.259824316	group2
Unigene0000437	3.68060211	5.067575639	2.864189427	4.35885195	4.426253442	group2
Unigene0000438	3.761917685	4.869069675	4.34114758	1.825963283	3.349809861	group2
Unigene0000439	5.049808784	4.222064737	5.076579401	4.447985165	3.854045088	group2
Unigene0000440	3.753391321	3.557361448	4.304356484	3.64268978	2.880818177	group2
Unigene0000441	3.506280412	3.757241199	4.473655604	3.857974555	5.325352073	group2
Unigene0000442	3.571858674	4.739901754	2.50828518	3.265558015	3.607335506	group2
Unigene0000443	4.181254099	3.442510417	4.342412846	3.03062458	3.467344082	group2
Unigene0000444	4.047507597	3.380791951	3.699370244	3.368903401	4.243811679	group2
Unigene0000445	4.220155112	4.479014219	3.477743118	3.902739831	4.614957371	group2
Unigene0000446	3.160514205	3.191373413	4.921188057	4.648484356	2.73181144	group2
Unigene0000447	3.902653458	3.38649814	5.073756532	4.387722113	1.44970256	group2
Unigene0000448	4.768824276	3.764290567	3.245399526	3.704825007	4.092993076	group2
Unigene0000449	3.052137273	1.859547637	3.288194966	4.69896391	6.67345411	group2
Unigene0000450	4.220769274	3.262921473	3.660285568	3.679562474	4.677869978	group2
Unigene0000451	3.392917374	3.21712653	2.650849013	5.102961108	3.815479831	group2
Unigene0000452	3.81480634	4.667661845	3.820905125	3.808142398	5.370871869	group2
Unigene0000453	4.583819136	4.227169965	3.313322281	5.482771208	5.026853198	group2
Unigene0000454	4.10196007	4.879936521	4.156101724	2.773019886	4.494204839	group2
Unigene0000455	4.712751435	4.744728781	2.852332457	5.122481399	3.972081762	group2
Unigene0000456	4.253585812	3.020569861	4.331112578	2.365147089	4.136248073	group2
Unigene0000457	4.204116824	4.567800507	3.679192165	4.389523449	4.488090655	group2
Unigene0000458	4.677443084	3.991972044	4.948568091	4.64441102	2.355745766	group2
Unigene0000459	3.633182725	3.33874382	4.079797765	3.788266708	3.480486009	group2
Unigene0000460	3.603126981	3.993580576	4.942485426	3.339554474	4.085062108	group2
Unigene0000461	4.803452374	5.559077686	2.490238522	4.887568156	2.693385957	group2
Unigene0000462	3.90020059	4.534935411	4.496513892	4.525781863	3.382377906	group2
Unigene0000463	4.597276731	3.927200511	2.820124843	3.108783424	2.566241215	group2
Unigene0000464	4.491383046	3.921966127	5.086424254	3.459767637	4.996790029	group2
Unigene0000465	3.82667703	3.887667493	5.496277815	4.053474951	5.128387354	group2
Unigene0000466	3.250903595	4.476604038	4.147872125	3.062229391	3.474763402	group2
Unigene0000467	3.903315626	4.4237501	1.295527415	5.043903845	3.491535744	group2
Unigene0000468	4.666332192	4.184797661	4.880664862	4.106696685	4.61575132	group2
Unigene0000469	3.540455982	5.243513586	3.529000756	4.097693509	3.207618692	group2
Unigene0000470	2.632896358	5.718672047	3.956158338	4.688224715	4.119209968	group2
Unigene0000471	1.982704797	3.381986061	4.453378509	4.496939072	3.817481381	group2
Unigene0000472	2.690769458	4.97734726	2.446975018	2.798108628	3.856886609	group2
Unigene0000473	3.03436016	4.572628221	2.581073885	5.432707644	4.088596967	group2
Unigene0000474	4.458362361	3.250091671	3.86776636	1.211838158	2.256889573	group2
Unigene0000475	3.220614971	3.135517415	3.886515645	3.960488019	3.090481183	group2
Unigene0000476	2.832732073	5.396403184	4.022708294	2.206374372	5.847518423	group2
Unigene0000477	4.623586088	2.279997944	4.283386054	4.416445823	2.477018939	group2
Unigene0000478	4.728071231	6.377031656	3.401273163	3.393425383	5.247315875	group2
Unigene0000479	3.177466388	3.117724631	5.053919069	4.678437981	3.651394467	group2
Unigene0000480	4.248384204	4.81931522	4.749903431	4.154877496	5.371790123	group2
Unigene0000481	3.734635922	5.679256918	3.931868582	6.502179266	4.889270276	group2
Unigene0000482	4.66529239	3.576924786	5.280071347	1.895546783	3.166653156	group2
Unigene0000483	4.213818777	4.770139868	4.420401523	3.500445393	3.661755539	group2
Unigene0000484	3.064308091	2.204387087	2.694242057	4.334976637	1.197460653	group2
Unigene0000485	3.378219982	3.020792083	4.18967494	2.998417883	3.507363614	group2
Unigene0000486	3.68445738	4.349589367	4.837230416	3.93499911	4.172046782	group2
Unigene0000487	2.85451949	3.97725713	6.97078987	5.049861565	5.065092	group2
Unigene0000488	4.112699792	3.9365799	4.30397499	3.851911429	4.731395525	group2
Unigene0000489	3.62643632	3.6231497	4.047815008	2.710961796	4.297278541	group2
Unigene0000490	4.414042569	3.962328254	4.192285369	3.286792659	3.12228735	group2
Unigene0000491	4.680879716	5.402899433	4.650682618	4.064538139	2.753869694	group2
Unigene0000492	4.826909434	4.932782753	3.69196048	4.804009907	4.02981498	group2
Unigene0000493	3.528981698	4.214967375	4.831028433	5.797410439	4.852638418	group2
Unigene0000494	5.074861946	4.828356575	5.350650097	5.092501324	2.857061823	group2
Unigene0000495	3.983977297	4.372689164	3.130667431	4.146767944	3.199395157	group2
Unigene0000496	4.785989088	3.543282527	4.780288441	5.870720931	6.130084662	group2
Unigene0000497	2.129927402	4.344310649	3.191294045	4.852601222	2.590000969	group2
Unigene0000498	3.893560436	5.481799397	4.248242339	3.898486692	3.603854085	group2
Unigene0000499	4.225923078	2.213835663	2.660680118	2.170732311	4.877051033	group2
